
   GPS LAT  GPS LONG   ROLL  PITCH AZIMUT   T IN  PmBARS  T OUT    RH%
   37.2006  -80.4112    0.8   -0.1  317.6   23.0   940.6   25.2   45.3                    

   BL# MONTH   DAY  YEAR  HOUR   MIN  VAL1  VAL2  VAL3  VAL4
   573     1    17  2002    20    55     0     0     0     0

  SPU1  SPU2  SPU3  SPU4 NOIS1 NOIS2 NOIS3 NOIS4 FEMAX SOFTW
 -9999 -9999 -9999     0  6604  6802  7001    29 -9999  9063

  FE11  FE12  FE21  FE22  SNR1  SNR2  SNR3  SNR4 CHECK   JAM
 -9999 -9999 -9999 -9999   115   103   106     0    75 10086

   ALT    CT SPEED   DIR     W    SW    SU    SV  U'V'  U'W'  ETAM

   200 -9999 -9999 -9999 -9999 -9999 -9999 -9999 -9999 -9999 -9999
   190 -9999 -9999 -9999 -9999 -9999 -9999 -9999 -9999 -9999 -9999
   180 -9999 -9999 -9999 -9999 -9999 -9999 -9999 -9999 -9999 -9999
   170 -9999 -9999 -9999 -9999 -9999 -9999 -9999 -9999 -9999 -9999
   160 -9999 -9999 -9999 -9999 -9999 -9999 -9999 -9999 -9999 -9999
   150 -9999 -9999 -9999 -9999 -9999 -9999 -9999 -9999 -9999 -9999
   140 -9999 -9999 -9999 -9999 -9999 -9999 -9999 -9999 -9999 -9999
   130 -9999 -9999 -9999 -9999 -9999 -9999 -9999 -9999 -9999 -9999
   120 -9999 -9999 -9999 -9999 -9999 -9999 -9999 -9999 -9999 -9999
   110 -9999 -9999 -9999 -9999 -9999 -9999 -9999 -9999 -9999 -9999
   100 -9999 -9999 -9999 -9999 -9999 -9999 -9999 -9999 -9999 -9999
    90 -9999 -9999 -9999 -9999 -9999 -9999 -9999 -9999 -9999 -9999
    80 -9999 -9999 -9999 -9999 -9999 -9999 -9999 -9999 -9999 -9999
    70 -9999 -9999 -9999 -9999 -9999 -9999 -9999 -9999 -9999 -9999
    60 -9999 -9999 -9999 -9999 -9999 -9999 -9999 -9999 -9999 -9999
    50 -9999 -9999 -9999 -9999 -9999 -9999 -9999 -9999 -9999 -9999
    40 -9999 -9999 -9999 -9999 -9999 -9999 -9999 -9999 -9999 -9999
    30 -9999 -9999 -9999 -9999 -9999 -9999 -9999 -9999 -9999 -9999
    20 -9999 -9999 -9999 -9999 -9999 -9999 -9999 -9999 -9999 -9999
    10 -9999 -9999 -9999 -9999 -9999 -9999 -9999 -9999 -9999 -9999
$

   GPS LAT  GPS LONG   ROLL  PITCH AZIMUT   T IN  PmBARS  T OUT    RH%
   37.2006  -80.4112    0.8   -0.1  318.6   26.5   940.5   25.3   46.6                    

   BL# MONTH   DAY  YEAR  HOUR   MIN  VAL1  VAL2  VAL3  VAL4
   573     1    17  2002    21     0     0     0     0     0

  SPU1  SPU2  SPU3  SPU4 NOIS1 NOIS2 NOIS3 NOIS4 FEMAX SOFTW
 -9999 -9999 -9999     0  6504  6802  6601    29 -9999  9063

  FE11  FE12  FE21  FE22  SNR1  SNR2  SNR3  SNR4 CHECK   JAM
 -9999 -9999 -9999 -9999   113   113   106     0    75 10084

   ALT    CT SPEED   DIR     W    SW    SU    SV  U'V'  U'W'  ETAM

   200 -9999 -9999 -9999 -9999 -9999 -9999 -9999 -9999 -9999 -9999
   190 -9999 -9999 -9999 -9999 -9999 -9999 -9999 -9999 -9999 -9999
   180 -9999 -9999 -9999 -9999 -9999 -9999 -9999 -9999 -9999 -9999
   170 -9999 -9999 -9999 -9999 -9999 -9999 -9999 -9999 -9999 -9999
   160 -9999 -9999 -9999 -9999 -9999 -9999 -9999 -9999 -9999 -9999
   150 -9999 -9999 -9999 -9999 -9999 -9999 -9999 -9999 -9999 -9999
   140 -9999 -9999 -9999 -9999 -9999 -9999 -9999 -9999 -9999 -9999
   130 -9999 -9999 -9999 -9999 -9999 -9999 -9999 -9999 -9999 -9999
   120 -9999 -9999 -9999 -9999 -9999 -9999 -9999 -9999 -9999 -9999
   110 -9999 -9999 -9999 -9999 -9999 -9999 -9999 -9999 -9999 -9999
   100 -9999 -9999 -9999 -9999 -9999 -9999 -9999 -9999 -9999 -9999
    90 -9999 -9999 -9999 -9999 -9999 -9999 -9999 -9999 -9999 -9999
    80 -9999 -9999 -9999 -9999 -9999 -9999 -9999 -9999 -9999 -9999
    70 -9999 -9999 -9999 -9999 -9999 -9999 -9999 -9999 -9999 -9999
    60 -9999 -9999 -9999 -9999 -9999 -9999 -9999 -9999 -9999 -9999
    50 -9999 -9999 -9999 -9999 -9999 -9999 -9999 -9999 -9999 -9999
    40 -9999 -9999 -9999 -9999 -9999 -9999 -9999 -9999 -9999 -9999
    30 -9999 -9999 -9999 -9999 -9999 -9999 -9999 -9999 -9999 -9999
    20 -9999 -9999 -9999 -9999 -9999 -9999 -9999 -9999 -9999 -9999
    10 -9999 -9999 -9999 -9999 -9999 -9999 -9999 -9999 -9999 -9999
$

   GPS LAT  GPS LONG   ROLL  PITCH AZIMUT   T IN  PmBARS  T OUT    RH%
   37.2006  -80.4112    0.8    0.0  318.5   29.5   940.5   25.5   46.5                    

   BL# MONTH   DAY  YEAR  HOUR   MIN  VAL1  VAL2  VAL3  VAL4
   573     1    17  2002    21     5     0     0     9     0

  SPU1  SPU2  SPU3  SPU4 NOIS1 NOIS2 NOIS3 NOIS4 FEMAX SOFTW
 -9999 -9999 -9999     0  6603  6804  6601    29 -9999  9063

  FE11  FE12  FE21  FE22  SNR1  SNR2  SNR3  SNR4 CHECK   JAM
 -9999 -9999 -9999 -9999   113   122   115     0    75 10084

   ALT    CT SPEED   DIR     W    SW    SU    SV  U'V'  U'W'  ETAM

   200 -9999 -9999 -9999 -9999 -9999 -9999 -9999 -9999 -9999 -9999
   190 -9999 -9999 -9999 -9999 -9999 -9999 -9999 -9999 -9999 -9999
   180 -9999 -9999 -9999 -9999 -9999 -9999 -9999 -9999 -9999 -9999
   170 -9999 -9999 -9999 -9999 -9999 -9999 -9999 -9999 -9999 -9999
   160 -9999 -9999 -9999 -9999 -9999 -9999 -9999 -9999 -9999 -9999
   150 -9999 -9999 -9999 -9999 -9999 -9999 -9999 -9999 -9999 -9999
   140 -9999 -9999 -9999 -9999 -9999 -9999 -9999 -9999 -9999 -9999
   130 -9999 -9999 -9999 -9999 -9999 -9999 -9999 -9999 -9999 -9999
   120 -9999 -9999 -9999 -9999 -9999 -9999 -9999 -9999 -9999 -9999
   110 -9999 -9999 -9999 -9999 -9999 -9999 -9999 -9999 -9999 -9999
   100 -9999 -9999 -9999 -9999 -9999 -9999 -9999 -9999 -9999 -9999
    90 -9999 -9999 -9999 -9999 -9999 -9999 -9999 -9999 -9999 -9999
    80 -9999 -9999 -9999 -9999 -9999 -9999 -9999 -9999 -9999 -9999
    70 -9999 -9999 -9999 -9999 -9999 -9999 -9999 -9999 -9999 -9999
    60 -9999 -9999 -9999 -9999 -9999 -9999 -9999 -9999 -9999 -9999
    50 -9999 -9999 -9999 -9999 -9999 -9999 -9999 -9999 -9999 -9999
    40 -9999 -9999 -9999 -9999 -9999 -9999 -9999 -9999 -9999 -9999
    30 -9999 -9999 -9999 -9999 -9999 -9999 -9999 -9999 -9999 -9999
    20 -9999 -9999 -9999 -9999 -9999 -9999 -9999 -9999 -9999 -9999
    10 -9999 -9999 -9999 -9999 -9999 -9999 -9999 -9999 -9999 -9999
$

   GPS LAT  GPS LONG   ROLL  PITCH AZIMUT   T IN  PmBARS  T OUT    RH%
   37.2005  -80.4112    0.5    0.7  352.0   41.8   940.9   27.3   40.2                    

   BL# MONTH   DAY  YEAR  HOUR   MIN  VAL1  VAL2  VAL3  VAL4
   573     1    17  2002    21    55     0     0     0     0

  SPU1  SPU2  SPU3  SPU4 NOIS1 NOIS2 NOIS3 NOIS4 FEMAX SOFTW
 -9999 -9999 -9999     0  6702  6503  6602    29 -9999  9063

  FE11  FE12  FE21  FE22  SNR1  SNR2  SNR3  SNR4 CHECK   JAM
 -9999 -9999 -9999 -9999   114   104   105     0    74 10100

   ALT    CT SPEED   DIR     W    SW    SU    SV  U'V'  U'W'  ETAM

   200 -9999 -9999 -9999 -9999 -9999 -9999 -9999 -9999 -9999 -9999
   190 -9999 -9999 -9999 -9999 -9999 -9999 -9999 -9999 -9999 -9999
   180 -9999 -9999 -9999 -9999 -9999 -9999 -9999 -9999 -9999 -9999
   170 -9999 -9999 -9999 -9999 -9999 -9999 -9999 -9999 -9999 -9999
   160 -9999 -9999 -9999 -9999 -9999 -9999 -9999 -9999 -9999 -9999
   150 -9999 -9999 -9999 -9999 -9999 -9999 -9999 -9999 -9999 -9999
   140 -9999 -9999 -9999 -9999 -9999 -9999 -9999 -9999 -9999 -9999
   130 -9999 -9999 -9999 -9999 -9999 -9999 -9999 -9999 -9999 -9999
   120 -9999 -9999 -9999 -9999 -9999 -9999 -9999 -9999 -9999 -9999
   110 -9999 -9999 -9999 -9999 -9999 -9999 -9999 -9999 -9999 -9999
   100 -9999 -9999 -9999 -9999 -9999 -9999 -9999 -9999 -9999 -9999
    90 -9999 -9999 -9999 -9999 -9999 -9999 -9999 -9999 -9999 -9999
    80 -9999 -9999 -9999 -9999 -9999 -9999 -9999 -9999 -9999 -9999
    70 -9999 -9999 -9999 -9999 -9999 -9999 -9999 -9999 -9999 -9999
    60 -9999 -9999 -9999 -9999 -9999 -9999 -9999 -9999 -9999 -9999
    50 -9999 -9999 -9999 -9999 -9999 -9999 -9999 -9999 -9999 -9999
    40 -9999 -9999 -9999 -9999 -9999 -9999 -9999 -9999 -9999 -9999
    30 -9999 -9999 -9999 -9999 -9999 -9999 -9999 -9999 -9999 -9999
    20 -9999 -9999 -9999 -9999 -9999 -9999 -9999 -9999 -9999 -9999
    10 -9999 -9999 -9999 -9999 -9999 -9999 -9999 -9999 -9999 -9999
$

   GPS LAT  GPS LONG   ROLL  PITCH AZIMUT   T IN  PmBARS  T OUT    RH%
   37.2005  -80.4112    0.5    0.7  352.2   42.7   940.8   27.3   43.1                    

   BL# MONTH   DAY  YEAR  HOUR   MIN  VAL1  VAL2  VAL3  VAL4
   573     1    17  2002    22     0     0     0    31     0

  SPU1  SPU2  SPU3  SPU4 NOIS1 NOIS2 NOIS3 NOIS4 FEMAX SOFTW
 -9999 -9999 -9999     0  6702  6602  6602    29 -9999  9063

  FE11  FE12  FE21  FE22  SNR1  SNR2  SNR3  SNR4 CHECK   JAM
 -9999 -9999 -9999 -9999   113   113   115     0    74 10100

   ALT    CT SPEED   DIR     W    SW    SU    SV  U'V'  U'W'  ETAM

   200 -9999 -9999 -9999 -9999 -9999 -9999 -9999 -9999 -9999 -9999
   190 -9999 -9999 -9999 -9999 -9999 -9999 -9999 -9999 -9999 -9999
   180 -9999 -9999 -9999 -9999 -9999 -9999 -9999 -9999 -9999 -9999
   170 -9999 -9999 -9999 -9999 -9999 -9999 -9999 -9999 -9999 -9999
   160 -9999 -9999 -9999 -9999 -9999 -9999 -9999 -9999 -9999 -9999
   150 -9999 -9999 -9999 -9999 -9999 -9999 -9999 -9999 -9999 -9999
   140 -9999 -9999 -9999 -9999 -9999 -9999 -9999 -9999 -9999 -9999
   130 -9999 -9999 -9999 -9999 -9999 -9999 -9999 -9999 -9999 -9999
   120 -9999 -9999 -9999 -9999 -9999 -9999 -9999 -9999 -9999 -9999
   110 -9999 -9999 -9999 -9999 -9999 -9999 -9999 -9999 -9999 -9999
   100 -9999 -9999 -9999 -9999 -9999 -9999 -9999 -9999 -9999 -9999
    90 -9999 -9999 -9999 -9999 -9999 -9999 -9999 -9999 -9999 -9999
    80 -9999 -9999 -9999 -9999 -9999 -9999 -9999 -9999 -9999 -9999
    70 -9999 -9999 -9999 -9999 -9999 -9999 -9999 -9999 -9999 -9999
    60 -9999 -9999 -9999 -9999 -9999 -9999 -9999 -9999 -9999 -9999
    50 -9999 -9999 -9999 -9999 -9999 -9999 -9999 -9999 -9999 -9999
    40 -9999 -9999 -9999 -9999 -9999 -9999 -9999 -9999 -9999 -9999
    30 -9999 -9999 -9999 -9999 -9999 -9999 -9999 -9999 -9999 -9999
    20 -9999 -9999 -9999 -9999 -9999 -9999 -9999 -9999 -9999 -9999
    10 -9999 -9999 -9999 -9999 -9999 -9999 -9999 -9999 -9999 -9999
$

   GPS LAT  GPS LONG   ROLL  PITCH AZIMUT   T IN  PmBARS  T OUT    RH%
   37.2005  -80.4112    0.5    0.7  352.3   43.7   940.8   27.8   38.7                    

   BL# MONTH   DAY  YEAR  HOUR   MIN  VAL1  VAL2  VAL3  VAL4
   573     1    17  2002    22     5     0     0    56     0

  SPU1  SPU2  SPU3  SPU4 NOIS1 NOIS2 NOIS3 NOIS4 FEMAX SOFTW
 -9999 -9999 -9999     0  6802  6602  6701    29 -9999  9063

  FE11  FE12  FE21  FE22  SNR1  SNR2  SNR3  SNR4 CHECK   JAM
 -9999 -9999 -9999 -9999   123   123   115     0    74 10100

   ALT    CT SPEED   DIR     W    SW    SU    SV  U'V'  U'W'  ETAM

   200 -9999 -9999 -9999 -9999 -9999 -9999 -9999 -9999 -9999 -9999
   190 -9999 -9999 -9999 -9999 -9999 -9999 -9999 -9999 -9999 -9999
   180 -9999 -9999 -9999 -9999 -9999 -9999 -9999 -9999 -9999 -9999
   170 -9999 -9999 -9999 -9999 -9999 -9999 -9999 -9999 -9999 -9999
   160 -9999 -9999 -9999 -9999 -9999 -9999 -9999 -9999 -9999 -9999
   150 -9999 -9999 -9999 -9999 -9999 -9999 -9999 -9999 -9999 -9999
   140 -9999 -9999 -9999 -9999 -9999 -9999 -9999 -9999 -9999 -9999
   130 -9999 -9999 -9999 -9999 -9999 -9999 -9999 -9999 -9999 -9999
   120 -9999 -9999 -9999 -9999 -9999 -9999 -9999 -9999 -9999 -9999
   110 -9999 -9999 -9999 -9999 -9999 -9999 -9999 -9999 -9999 -9999
   100 -9999 -9999 -9999 -9999 -9999 -9999 -9999 -9999 -9999 -9999
    90 -9999 -9999 -9999 -9999 -9999 -9999 -9999 -9999 -9999 -9999
    80 -9999 -9999 -9999 -9999 -9999 -9999 -9999 -9999 -9999 -9999
    70 -9999 -9999 -9999 -9999 -9999 -9999 -9999 -9999 -9999 -9999
    60 -9999 -9999 -9999 -9999 -9999 -9999 -9999 -9999 -9999 -9999
    50 -9999 -9999 -9999 -9999 -9999 -9999 -9999 -9999 -9999 -9999
    40 -9999 -9999 -9999 -9999 -9999 -9999 -9999 -9999 -9999 -9999
    30 -9999 -9999 -9999 -9999 -9999 -9999 -9999 -9999 -9999 -9999
    20 -9999 -9999 -9999 -9999 -9999 -9999 -9999 -9999 -9999 -9999
    10 -9999 -9999 -9999 -9999 -9999 -9999 -9999 -9999 -9999 -9999
$
