
   GPS LAT  GPS LONG   ROLL  PITCH AZIMUT   T IN  PmBARS  T OUT    RH%
   37.2021  -80.5921    1.4    1.4  329.6   17.0   952.3   20.4   41.2                    

   BL# MONTH   DAY  YEAR  HOUR   MIN  VAL1  VAL2  VAL3  VAL4
  8000    11     8  2016    18    40   155    88   155     0

  SPU1  SPU2  SPU3  SPU4 NOIS1 NOIS2 NOIS3 NOIS4 FEMAX SOFTW
 -9999 -9999 -9999     0  5405  5504  5501    24 -9999  9063

  FE11  FE12  FE21  FE22  SNR1  SNR2  SNR3  SNR4 CHECK   JAM
 -9999 -9999 -9999 -9999   115   115   117     0    61 10100

   ALT    CT SPEED   DIR     W    SW    SU    SV  U'V'  U'W'  ETAM

   200 -9999 -9999 -9999 -9999 -9999 -9999 -9999 -9999 -9999 -9999
   190 -9999 -9999 -9999 -9999 -9999 -9999 -9999 -9999 -9999 -9999
   180 -9999 -9999 -9999 -9999 -9999 -9999 -9999 -9999 -9999 -9999
   170 -9999 -9999 -9999 -9999 -9999 -9999 -9999 -9999 -9999 -9999
   160 -9999 -9999 -9999 -9999 -9999 -9999 -9999 -9999 -9999 -9999
   150 -9999 -9999 -9999 -9999 -9999 -9999 -9999 -9999 -9999 -9999
   140  1649   349     1    19    83     2 -9999     0 -9999 -9999
   130   830   326     1    14    78     1  -176     2     3 -9999
   120   270   302     1    16    74     1  -162     1     1 -9999
   110   296   290     0    27    69     0  -148     0     4 -9999
   100   365   332     3    27    62     3  -134     3    -1 -9999
    90   457   286   360    30    50     6  -162     5     9 -9999
    80   562   258     2    33    38     7  -131     9    -2 -9999
    70   663   241     6    25    36    13  -118     2     7 -9999
    60   593   231     8    23    35    14  -109     9    16 -9999
    50   536   226     6    22    35    14  -109     6    19 -9999
    40   556   208   349    19    35     8   -97     4   -19 -9999
$

   GPS LAT  GPS LONG   ROLL  PITCH AZIMUT   T IN  PmBARS  T OUT    RH%
   37.2021  -80.5921    1.4    1.3  330.9   21.9   951.9   20.0   41.8                    

   BL# MONTH   DAY  YEAR  HOUR   MIN  VAL1  VAL2  VAL3  VAL4
  7999    11     8  2016    18    50   296   154   438     0

  SPU1  SPU2  SPU3  SPU4 NOIS1 NOIS2 NOIS3 NOIS4 FEMAX SOFTW
     1     1     0     0  5405  5504  5401    24 -9999  9063

  FE11  FE12  FE21  FE22  SNR1  SNR2  SNR3  SNR4 CHECK   JAM
 -9999 -9999 -9999 -9999   114   114   116     0    61 10100

   ALT    CT SPEED   DIR     W    SW    SU    SV  U'V'  U'W'  ETAM

   200 -9999 -9999 -9999 -9999 -9999 -9999 -9999 -9999 -9999 -9999
   190 -9999 -9999 -9999 -9999 -9999 -9999 -9999 -9999 -9999 -9999
   180 -9999 -9999 -9999 -9999 -9999 -9999 -9999 -9999 -9999 -9999
   170 -9999 -9999 -9999 -9999 -9999 -9999 -9999 -9999 -9999 -9999
   160  1310   205    15   -11    70     0 -9999     0 -9999 -9999
   150   316   198    15   -11    69     0 -9999     1 -9999 -9999
   140   434   212    16   -15    69     1   -95     1    27 -9999
   130   521   224    12   -18    64     0   -90     2    23 -9999
   120   584   223    14   -22    61     1  -100     4    30     3
   110   624   212    25   -26    62     3  -109     3    15     3
   100   648   215    15   -27    63     9   -90     3    46     3
    90   711   213    17   -30    60     9  -100     8    26     3
    80   819   195     9   -32    55    20   -96     8    31     3
    70  1007   191     1   -33    53    18   -90    13     7     5
    60   879   192   356   -28    44    31   -91    17    -4     5
    50   819   195   352   -26    41    28   -92    10   -13     5
    40   968   200   352   -33    51    15   -94     8   -14 -9999
$

   GPS LAT  GPS LONG   ROLL  PITCH AZIMUT   T IN  PmBARS  T OUT    RH%
   37.2021  -80.5922    1.4    1.3  330.9   27.4   951.5   21.2   39.6                    

   BL# MONTH   DAY  YEAR  HOUR   MIN  VAL1  VAL2  VAL3  VAL4
  7998    11     8  2016    19     0   355   151   513     0

  SPU1  SPU2  SPU3  SPU4 NOIS1 NOIS2 NOIS3 NOIS4 FEMAX SOFTW
     1     1     0     0  5405  5704  5402    24 -9999  9063

  FE11  FE12  FE21  FE22  SNR1  SNR2  SNR3  SNR4 CHECK   JAM
 -9999 -9999 -9999 -9999   113   114   115     0    65 10100

   ALT    CT SPEED   DIR     W    SW    SU    SV  U'V'  U'W'  ETAM

   200 -9999 -9999 -9999 -9999 -9999 -9999 -9999 -9999 -9999 -9999
   190 -9999 -9999 -9999 -9999 -9999 -9999 -9999 -9999 -9999 -9999
   180 -9999 -9999 -9999 -9999 -9999 -9999 -9999 -9999 -9999 -9999
   170 -9999 -9999 -9999 -9999 -9999 -9999 -9999 -9999 -9999 -9999
   160 -9999 -9999 -9999 -9999 -9999 -9999 -9999 -9999 -9999 -9999
   150 -9999 -9999 -9999 -9999 -9999 -9999 -9999 -9999 -9999 -9999
   140   846   309    35    43    57     1  -139     0 -9999 -9999
   130   871   285    35    37    60     3  -128     2    89   386
   120   864   262    36    24    68     2  -117     3    82   410
   110   822   241    38     2    81     7  -105     1    75   467
   100   941   254    42     4    78    14   -89     2    68   323
    90  1037   263    45    -3    69    16   -90     7    82   365
    80  1123   261    41    -9    61    24   -87     7    91  4362
    70  1226   255    34     2    61    19   -98    11    77 24414
    60  1058   244    28    -2    67    28  -106    13    58 12427
    50  1071   226    24    -7    74    13  -100    11    45  1336
    40  1438   209    24   -11    83     6   -91     6    40 -9999
$

   GPS LAT  GPS LONG   ROLL  PITCH AZIMUT   T IN  PmBARS  T OUT    RH%
   37.2021  -80.5922    1.4    1.2  330.7   30.8   951.3   22.2   41.3                    

   BL# MONTH   DAY  YEAR  HOUR   MIN  VAL1  VAL2  VAL3  VAL4
  7997    11     8  2016    19    10   403   205   236     0

  SPU1  SPU2  SPU3  SPU4 NOIS1 NOIS2 NOIS3 NOIS4 FEMAX SOFTW
     1     1     0     0  5304  5304  5400    24    57  9063

  FE11  FE12  FE21  FE22  SNR1  SNR2  SNR3  SNR4 CHECK   JAM
 -9999 -9999 -9999 -9999   115   115   115     0    57 10100

   ALT    CT SPEED   DIR     W    SW    SU    SV  U'V'  U'W'  ETAM

   200 -9999 -9999 -9999 -9999 -9999 -9999 -9999 -9999 -9999 -9999
   190 -9999 -9999 -9999 -9999 -9999 -9999 -9999 -9999 -9999 -9999
   180 -9999 -9999 -9999 -9999 -9999 -9999 -9999 -9999 -9999 -9999
   170 -9999 -9999 -9999 -9999 -9999 -9999 -9999 -9999 -9999 -9999
   160  1381   249   141    92    79     2 -9999     0 -9999 -9999
   150   315   255   144    95    82     1 -9999     0    79    20
   140   326   261   147    98    55     1    90     0    75    22
   130   370   277   147    89    58     1    99     2    71    19
   120   408   276   147    74    58     3   107     4    67    20
   110   432   244   147    53    50     5   116     6    75    24
   100   427   209   154    44    53    15    99     9    70    14
    90   459   218   158    32    55    30    88     8    42    18
    80   498   217   160    22    56    22    98    11    38    25
    70   487   208   158    24    54    22    97     9    33     9
    60   419   204   154    19    59    31    88    10    40     7
    50   412   205   149    15    64    25    85    12    48     8
    40   512   202   143    14    70    18    77     6    58 -9999
$

   GPS LAT  GPS LONG   ROLL  PITCH AZIMUT   T IN  PmBARS  T OUT    RH%
   37.2021  -80.5922    1.4    1.3  330.7   33.4   951.3   23.7   35.9                    

   BL# MONTH   DAY  YEAR  HOUR   MIN  VAL1  VAL2  VAL3  VAL4
  7996    11     8  2016    19    20   211   213   223     0

  SPU1  SPU2  SPU3  SPU4 NOIS1 NOIS2 NOIS3 NOIS4 FEMAX SOFTW
     1     1     0     0  6102  5603  5800    24    57  9063

  FE11  FE12  FE21  FE22  SNR1  SNR2  SNR3  SNR4 CHECK   JAM
 -9999 -9999 -9999 -9999   115   116   116     0    59 10100

   ALT    CT SPEED   DIR     W    SW    SU    SV  U'V'  U'W'  ETAM

   200 -9999 -9999 -9999 -9999 -9999 -9999 -9999 -9999 -9999 -9999
   190 -9999 -9999 -9999 -9999 -9999 -9999 -9999 -9999 -9999 -9999
   180 -9999 -9999 -9999 -9999 -9999 -9999 -9999 -9999 -9999 -9999
   170 -9999 -9999 -9999 -9999 -9999 -9999 -9999 -9999 -9999 -9999
   160  1466   409    78    43   119     2 -9999     0 -9999 -9999
   150   295   392    79    42   119     1 -9999     1 -9999  1319
   140   428   383    75    49   120     4   -43     2   192  1456
   130   430   359    79    36   120     2   -34     0   182  1202
   120   460   367    76    25   118     0   -53     4   172  1317
   110   528   427    64    20   112     2   -15     3   163  1732
   100   496   440    65    37    96     5   -90     7   182   573
    90   539   375    71    30    90     7   -94    14   192   545
    80   603   347    67    15    89    12   -52    11   166   813
    70   605   307    67    10    86    14   -69    17   145   212
    60   517   273    70     0    80    22   -42    20   125    52
    50   507   262    65    -3    73    17   -47    18   116     5
    40   632   264    53     5    65    12   -76    18   100 -9999
$

   GPS LAT  GPS LONG   ROLL  PITCH AZIMUT   T IN  PmBARS  T OUT    RH%
   37.2026  -80.5640   -0.9   -1.9  323.9   37.9   960.0   23.1   34.1                    

   BL# MONTH   DAY  YEAR  HOUR   MIN  VAL1  VAL2  VAL3  VAL4
  7995    11     8  2016    20     0     0     0     8     0

  SPU1  SPU2  SPU3  SPU4 NOIS1 NOIS2 NOIS3 NOIS4 FEMAX SOFTW
 -9999 -9999 -9999     0  5403  5702  5901    24 -9999  9063

  FE11  FE12  FE21  FE22  SNR1  SNR2  SNR3  SNR4 CHECK   JAM
 -9999 -9999 -9999 -9999   122   122   115     0    65 10091

   ALT    CT SPEED   DIR     W    SW    SU    SV  U'V'  U'W'  ETAM

   200 -9999 -9999 -9999 -9999 -9999 -9999 -9999 -9999 -9999 -9999
   190 -9999 -9999 -9999 -9999 -9999 -9999 -9999 -9999 -9999 -9999
   180 -9999 -9999 -9999 -9999 -9999 -9999 -9999 -9999 -9999 -9999
   170 -9999 -9999 -9999 -9999 -9999 -9999 -9999 -9999 -9999 -9999
   160 -9999 -9999 -9999 -9999 -9999 -9999 -9999 -9999 -9999 -9999
   150 -9999 -9999 -9999 -9999 -9999 -9999 -9999 -9999 -9999 -9999
   140 -9999 -9999 -9999 -9999 -9999 -9999 -9999 -9999 -9999 -9999
   130 -9999 -9999 -9999 -9999 -9999 -9999 -9999 -9999 -9999 -9999
   120 -9999 -9999 -9999 -9999 -9999 -9999 -9999 -9999 -9999 -9999
   110 -9999 -9999 -9999 -9999 -9999 -9999 -9999 -9999 -9999 -9999
   100 -9999 -9999 -9999 -9999 -9999 -9999 -9999 -9999 -9999 -9999
    90 -9999 -9999 -9999 -9999 -9999 -9999 -9999 -9999 -9999 -9999
    80 -9999 -9999 -9999 -9999 -9999 -9999 -9999 -9999 -9999 -9999
    70 -9999 -9999 -9999 -9999 -9999 -9999 -9999 -9999 -9999 -9999
    60 -9999 -9999 -9999 -9999 -9999 -9999 -9999 -9999 -9999 -9999
    50 -9999 -9999 -9999 -9999 -9999 -9999 -9999 -9999 -9999 -9999
    40 -9999 -9999 -9999 -9999 -9999 -9999 -9999 -9999 -9999 -9999
$

   GPS LAT  GPS LONG   ROLL  PITCH AZIMUT   T IN  PmBARS  T OUT    RH%
   37.2027  -80.5640   -0.9   -1.9  324.7   39.1   959.9   23.5   35.4                    

   BL# MONTH   DAY  YEAR  HOUR   MIN  VAL1  VAL2  VAL3  VAL4
  7994    11     8  2016    20    10     0     0     0     0

  SPU1  SPU2  SPU3  SPU4 NOIS1 NOIS2 NOIS3 NOIS4 FEMAX SOFTW
     1     1     0     0  5403  5503  5500    24 -9999  9063

  FE11  FE12  FE21  FE22  SNR1  SNR2  SNR3  SNR4 CHECK   JAM
 -9999 -9999 -9999 -9999   115   114   117     0    59 10086

   ALT    CT SPEED   DIR     W    SW    SU    SV  U'V'  U'W'  ETAM

   200 -9999 -9999 -9999 -9999 -9999 -9999 -9999 -9999 -9999 -9999
   190 -9999 -9999 -9999 -9999 -9999 -9999 -9999 -9999 -9999 -9999
   180 -9999 -9999 -9999 -9999 -9999 -9999 -9999 -9999 -9999 -9999
   170 -9999 -9999 -9999 -9999 -9999 -9999 -9999 -9999 -9999 -9999
   160 -9999 -9999 -9999 -9999 -9999 -9999 -9999 -9999 -9999 -9999
   150 -9999 -9999 -9999 -9999 -9999 -9999 -9999 -9999 -9999 -9999
   140 -9999 -9999 -9999 -9999 -9999 -9999 -9999 -9999 -9999 -9999
   130 -9999 -9999 -9999 -9999 -9999 -9999 -9999 -9999 -9999 -9999
   120 -9999 -9999 -9999 -9999 -9999 -9999 -9999 -9999 -9999 -9999
   110 -9999 -9999 -9999 -9999 -9999 -9999 -9999 -9999 -9999 -9999
   100 -9999 -9999 -9999 -9999 -9999 -9999 -9999 -9999 -9999 -9999
    90 -9999 -9999 -9999 -9999 -9999 -9999 -9999 -9999 -9999 -9999
    80 -9999 -9999 -9999 -9999 -9999 -9999 -9999 -9999 -9999 -9999
    70 -9999 -9999 -9999 -9999 -9999 -9999 -9999 -9999 -9999 -9999
    60 -9999 -9999 -9999 -9999 -9999 -9999 -9999 -9999 -9999 -9999
    50 -9999 -9999 -9999 -9999 -9999 -9999 -9999 -9999 -9999 -9999
    40 -9999 -9999 -9999 -9999 -9999 -9999 -9999 -9999 -9999 -9999
$

   GPS LAT  GPS LONG   ROLL  PITCH AZIMUT   T IN  PmBARS  T OUT    RH%
   37.2027  -80.5640   -0.9   -1.9  324.8   40.5   959.8   23.9   35.8                    

   BL# MONTH   DAY  YEAR  HOUR   MIN  VAL1  VAL2  VAL3  VAL4
  7993    11     8  2016    20    20     0     0     0     0

  SPU1  SPU2  SPU3  SPU4 NOIS1 NOIS2 NOIS3 NOIS4 FEMAX SOFTW
     1     1     0     0  5503  5602  5602    24 -9999  9063

  FE11  FE12  FE21  FE22  SNR1  SNR2  SNR3  SNR4 CHECK   JAM
 -9999 -9999 -9999 -9999   115   115   117     0    59 10091

   ALT    CT SPEED   DIR     W    SW    SU    SV  U'V'  U'W'  ETAM

   200 -9999 -9999 -9999 -9999 -9999 -9999 -9999 -9999 -9999 -9999
   190 -9999 -9999 -9999 -9999 -9999 -9999 -9999 -9999 -9999 -9999
   180 -9999 -9999 -9999 -9999 -9999 -9999 -9999 -9999 -9999 -9999
   170 -9999 -9999 -9999 -9999 -9999 -9999 -9999 -9999 -9999 -9999
   160 -9999 -9999 -9999 -9999 -9999 -9999 -9999 -9999 -9999 -9999
   150 -9999 -9999 -9999 -9999 -9999 -9999 -9999 -9999 -9999 -9999
   140 -9999 -9999 -9999 -9999 -9999 -9999 -9999 -9999 -9999 -9999
   130 -9999 -9999 -9999 -9999 -9999 -9999 -9999 -9999 -9999 -9999
   120 -9999 -9999 -9999 -9999 -9999 -9999 -9999 -9999 -9999 -9999
   110 -9999 -9999 -9999 -9999 -9999 -9999 -9999 -9999 -9999 -9999
   100 -9999 -9999 -9999 -9999 -9999 -9999 -9999 -9999 -9999 -9999
    90 -9999 -9999 -9999 -9999 -9999 -9999 -9999 -9999 -9999 -9999
    80 -9999 -9999 -9999 -9999 -9999 -9999 -9999 -9999 -9999 -9999
    70 -9999 -9999 -9999 -9999 -9999 -9999 -9999 -9999 -9999 -9999
    60 -9999 -9999 -9999 -9999 -9999 -9999 -9999 -9999 -9999 -9999
    50 -9999 -9999 -9999 -9999 -9999 -9999 -9999 -9999 -9999 -9999
    40 -9999 -9999 -9999 -9999 -9999 -9999 -9999 -9999 -9999 -9999
$

   GPS LAT  GPS LONG   ROLL  PITCH AZIMUT   T IN  PmBARS  T OUT    RH%
   37.2027  -80.5640   -0.9   -1.9  323.6   41.8   959.9   24.1   34.7                    

   BL# MONTH   DAY  YEAR  HOUR   MIN  VAL1  VAL2  VAL3  VAL4
  7992    11     8  2016    20    30     0     0     0     0

  SPU1  SPU2  SPU3  SPU4 NOIS1 NOIS2 NOIS3 NOIS4 FEMAX SOFTW
 -9999 -9999 -9999     0  5402  5502  5401    24 -9999  9063

  FE11  FE12  FE21  FE22  SNR1  SNR2  SNR3  SNR4 CHECK   JAM
 -9999 -9999 -9999 -9999   125   115   118     0    58 10100

   ALT    CT SPEED   DIR     W    SW    SU    SV  U'V'  U'W'  ETAM

   200 -9999 -9999 -9999 -9999 -9999 -9999 -9999 -9999 -9999 -9999
   190 -9999 -9999 -9999 -9999 -9999 -9999 -9999 -9999 -9999 -9999
   180 -9999 -9999 -9999 -9999 -9999 -9999 -9999 -9999 -9999 -9999
   170 -9999 -9999 -9999 -9999 -9999 -9999 -9999 -9999 -9999 -9999
   160 -9999 -9999 -9999 -9999 -9999 -9999 -9999 -9999 -9999 -9999
   150 -9999 -9999 -9999 -9999 -9999 -9999 -9999 -9999 -9999 -9999
   140 -9999 -9999 -9999 -9999 -9999 -9999 -9999 -9999 -9999 -9999
   130 -9999 -9999 -9999 -9999 -9999 -9999 -9999 -9999 -9999 -9999
   120 -9999 -9999 -9999 -9999 -9999 -9999 -9999 -9999 -9999 -9999
   110 -9999 -9999 -9999 -9999 -9999 -9999 -9999 -9999 -9999 -9999
   100 -9999 -9999 -9999 -9999 -9999 -9999 -9999 -9999 -9999 -9999
    90 -9999 -9999 -9999 -9999 -9999 -9999 -9999 -9999 -9999 -9999
    80 -9999 -9999 -9999 -9999 -9999 -9999 -9999 -9999 -9999 -9999
    70 -9999 -9999 -9999 -9999 -9999 -9999 -9999 -9999 -9999 -9999
    60 -9999 -9999 -9999 -9999 -9999 -9999 -9999 -9999 -9999 -9999
    50 -9999 -9999 -9999 -9999 -9999 -9999 -9999 -9999 -9999 -9999
    40 -9999 -9999 -9999 -9999 -9999 -9999 -9999 -9999 -9999 -9999
$

   GPS LAT  GPS LONG   ROLL  PITCH AZIMUT   T IN  PmBARS  T OUT    RH%
   37.2027  -80.5640   -0.9   -2.0  324.0   42.4   959.9   24.2   36.2                    

   BL# MONTH   DAY  YEAR  HOUR   MIN  VAL1  VAL2  VAL3  VAL4
  7991    11     8  2016    20    40     0     0    20     0

  SPU1  SPU2  SPU3  SPU4 NOIS1 NOIS2 NOIS3 NOIS4 FEMAX SOFTW
 -9999 -9999 -9999     0  5503  5704  5401    24 -9999  9063

  FE11  FE12  FE21  FE22  SNR1  SNR2  SNR3  SNR4 CHECK   JAM
 -9999 -9999 -9999 -9999   122   123   117     0    58 10100

   ALT    CT SPEED   DIR     W    SW    SU    SV  U'V'  U'W'  ETAM

   190 -9999 -9999 -9999 -9999 -9999 -9999 -9999 -9999 -9999 -9999
   180 -9999 -9999 -9999 -9999 -9999 -9999 -9999 -9999 -9999 -9999
   170 -9999 -9999 -9999 -9999 -9999 -9999 -9999 -9999 -9999 -9999
   160 -9999 -9999 -9999 -9999 -9999 -9999 -9999 -9999 -9999 -9999
   150 -9999 -9999 -9999 -9999 -9999 -9999 -9999 -9999 -9999 -9999
   140 -9999 -9999 -9999 -9999 -9999 -9999 -9999 -9999 -9999 -9999
   130 -9999 -9999 -9999 -9999 -9999 -9999 -9999 -9999 -9999 -9999
   120 -9999 -9999 -9999 -9999 -9999 -9999 -9999 -9999 -9999 -9999
   110 -9999 -9999 -9999 -9999 -9999 -9999 -9999 -9999 -9999 -9999
   100 -9999 -9999 -9999 -9999 -9999 -9999 -9999 -9999 -9999 -9999
    90 -9999 -9999 -9999 -9999 -9999 -9999 -9999 -9999 -9999 -9999
    80 -9999 -9999 -9999 -9999 -9999 -9999 -9999 -9999 -9999 -9999
    70 -9999 -9999 -9999 -9999 -9999 -9999 -9999 -9999 -9999 -9999
    60 -9999 -9999 -9999 -9999 -9999 -9999 -9999 -9999 -9999 -9999
    50 -9999 -9999 -9999 -9999 -9999 -9999 -9999 -9999 -9999 -9999
    40 -9999 -9999 -9999 -9999 -9999 -9999 -9999 -9999 -9999 -9999
    30 -9999 -9999 -9999 -9999 -9999 -9999 -9999 -9999 -9999 -9999
    20 -9999 -9999 -9999 -9999 -9999 -9999 -9999 -9999 -9999 -9999
$

   GPS LAT  GPS LONG   ROLL  PITCH AZIMUT   T IN  PmBARS  T OUT    RH%
   37.1975  -80.5777   -2.9   -0.8  293.7   42.2   958.4   22.6   40.1                    

   BL# MONTH   DAY  YEAR  HOUR   MIN  VAL1  VAL2  VAL3  VAL4
  7990    11     8  2016    21     0     0     0     0     0

  SPU1  SPU2  SPU3  SPU4 NOIS1 NOIS2 NOIS3 NOIS4 FEMAX SOFTW
 -9999 -9999 -9999     0  5603  5804  6101    24 -9999  9063

  FE11  FE12  FE21  FE22  SNR1  SNR2  SNR3  SNR4 CHECK   JAM
 -9999 -9999 -9999 -9999   124   115   118     0    64 10100

   ALT    CT SPEED   DIR     W    SW    SU    SV  U'V'  U'W'  ETAM

   190 -9999 -9999 -9999 -9999 -9999 -9999 -9999 -9999 -9999 -9999
   180 -9999 -9999 -9999 -9999 -9999 -9999 -9999 -9999 -9999 -9999
   170 -9999 -9999 -9999 -9999 -9999 -9999 -9999 -9999 -9999 -9999
   160 -9999 -9999 -9999 -9999 -9999 -9999 -9999 -9999 -9999 -9999
   150 -9999 -9999 -9999 -9999 -9999 -9999 -9999 -9999 -9999 -9999
   140 -9999 -9999 -9999 -9999 -9999 -9999 -9999 -9999 -9999 -9999
   130 -9999 -9999 -9999 -9999 -9999 -9999 -9999 -9999 -9999 -9999
   120 -9999 -9999 -9999 -9999 -9999 -9999 -9999 -9999 -9999 -9999
   110 -9999 -9999 -9999 -9999 -9999 -9999 -9999 -9999 -9999 -9999
   100 -9999 -9999 -9999 -9999 -9999 -9999 -9999 -9999 -9999 -9999
    90 -9999 -9999 -9999 -9999 -9999 -9999 -9999 -9999 -9999 -9999
    80 -9999 -9999 -9999 -9999 -9999 -9999 -9999 -9999 -9999 -9999
    70 -9999 -9999 -9999 -9999 -9999 -9999 -9999 -9999 -9999 -9999
    60 -9999 -9999 -9999 -9999 -9999 -9999 -9999 -9999 -9999 -9999
    50 -9999 -9999 -9999 -9999 -9999 -9999 -9999 -9999 -9999 -9999
    40 -9999 -9999 -9999 -9999 -9999 -9999 -9999 -9999 -9999 -9999
    30 -9999 -9999 -9999 -9999 -9999 -9999 -9999 -9999 -9999 -9999
    20 -9999 -9999 -9999 -9999 -9999 -9999 -9999 -9999 -9999 -9999
$

   GPS LAT  GPS LONG   ROLL  PITCH AZIMUT   T IN  PmBARS  T OUT    RH%
   37.1975  -80.5777   -3.0   -0.8  294.0   42.1   958.5   22.6   42.2                    

   BL# MONTH   DAY  YEAR  HOUR   MIN  VAL1  VAL2  VAL3  VAL4
  7989    11     8  2016    21    10     0     0     0     0

  SPU1  SPU2  SPU3  SPU4 NOIS1 NOIS2 NOIS3 NOIS4 FEMAX SOFTW
 -9999 -9999 -9999     0  5302  5304  5401    24 -9999  9063

  FE11  FE12  FE21  FE22  SNR1  SNR2  SNR3  SNR4 CHECK   JAM
 -9999 -9999 -9999 -9999   132   124   117     0    59 10100

   ALT    CT SPEED   DIR     W    SW    SU    SV  U'V'  U'W'  ETAM

   190 -9999 -9999 -9999 -9999 -9999 -9999 -9999 -9999 -9999 -9999
   180 -9999 -9999 -9999 -9999 -9999 -9999 -9999 -9999 -9999 -9999
   170 -9999 -9999 -9999 -9999 -9999 -9999 -9999 -9999 -9999 -9999
   160 -9999 -9999 -9999 -9999 -9999 -9999 -9999 -9999 -9999 -9999
   150 -9999 -9999 -9999 -9999 -9999 -9999 -9999 -9999 -9999 -9999
   140 -9999 -9999 -9999 -9999 -9999 -9999 -9999 -9999 -9999 -9999
   130 -9999 -9999 -9999 -9999 -9999 -9999 -9999 -9999 -9999 -9999
   120 -9999 -9999 -9999 -9999 -9999 -9999 -9999 -9999 -9999 -9999
   110 -9999 -9999 -9999 -9999 -9999 -9999 -9999 -9999 -9999 -9999
   100 -9999 -9999 -9999 -9999 -9999 -9999 -9999 -9999 -9999 -9999
    90 -9999 -9999 -9999 -9999 -9999 -9999 -9999 -9999 -9999 -9999
    80 -9999 -9999 -9999 -9999 -9999 -9999 -9999 -9999 -9999 -9999
    70 -9999 -9999 -9999 -9999 -9999 -9999 -9999 -9999 -9999 -9999
    60 -9999 -9999 -9999 -9999 -9999 -9999 -9999 -9999 -9999 -9999
    50 -9999 -9999 -9999 -9999 -9999 -9999 -9999 -9999 -9999 -9999
    40 -9999 -9999 -9999 -9999 -9999 -9999 -9999 -9999 -9999 -9999
    30 -9999 -9999 -9999 -9999 -9999 -9999 -9999 -9999 -9999 -9999
    20 -9999 -9999 -9999 -9999 -9999 -9999 -9999 -9999 -9999 -9999
$

   GPS LAT  GPS LONG   ROLL  PITCH AZIMUT   T IN  PmBARS  T OUT    RH%
   37.1975  -80.5777   -1.0   -1.8  276.9   41.7   958.2   22.2   45.5                    

   BL# MONTH   DAY  YEAR  HOUR   MIN  VAL1  VAL2  VAL3  VAL4
  7988    11     8  2016    21    30    33    46   405     0

  SPU1  SPU2  SPU3  SPU4 NOIS1 NOIS2 NOIS3 NOIS4 FEMAX SOFTW
 -9999 -9999 -9999     0  5204  5104  5200    24 -9999  9063

  FE11  FE12  FE21  FE22  SNR1  SNR2  SNR3  SNR4 CHECK   JAM
 -9999 -9999 -9999 -9999   124   125   117     0    57 10100

   ALT    CT SPEED   DIR     W    SW    SU    SV  U'V'  U'W'  ETAM

   190 -9999 -9999 -9999 -9999 -9999 -9999 -9999 -9999 -9999 -9999
   180 -9999 -9999 -9999 -9999 -9999 -9999 -9999 -9999 -9999 -9999
   170 -9999 -9999 -9999 -9999 -9999 -9999 -9999 -9999 -9999 -9999
   160 -9999 -9999 -9999 -9999 -9999 -9999 -9999 -9999 -9999 -9999
   150 -9999 -9999 -9999 -9999 -9999 -9999 -9999 -9999 -9999 -9999
   140 -9999 -9999 -9999 -9999 -9999 -9999 -9999 -9999 -9999 -9999
   130 -9999 -9999 -9999 -9999 -9999 -9999 -9999 -9999 -9999 -9999
   120 -9999 -9999 -9999 -9999 -9999 -9999 -9999 -9999 -9999 -9999
   110 -9999 -9999 -9999 -9999 -9999 -9999 -9999 -9999 -9999 -9999
   100   206    73   179   -20     6     2 -9999     3 -9999 -9999
    90   233    70   179   -16     2     1    27     0   -23 -9999
    80   221    74   175   -19     7     2    26     1   -21 -9999
    70   219    67   184   -19     7     2    29     1   -20 -9999
    60   220    79   172   -19     4     1    22     2   -23 -9999
    50   211    79   152   -21     9     8    37     7   -18 -9999
    40   183    85   133   -19    13     5    37     6     3 -9999
    30   197    98   130   -17    14     2    45     3    12 -9999
    20   276   110   149   -17    14     6    53     6    -8 -9999
$
