
   GPS LAT  GPS LONG   ROLL  PITCH AZIMUT   T IN  PmBARS  T OUT    RH%
   37.1963  -80.5783    0.0    0.0  337.5   19.4   961.2   10.6   55.1                    

   BL# MONTH   DAY  YEAR  HOUR   MIN  VAL1  VAL2  VAL3  VAL4
  7963    11    10  2016     9    40   288   427  1020     0

  SPU1  SPU2  SPU3  SPU4 NOIS1 NOIS2 NOIS3 NOIS4 FEMAX SOFTW
 -9999 -9999 -9999     0  5003  5905  5101     0 -9999  9063

  FE11  FE12  FE21  FE22  SNR1  SNR2  SNR3  SNR4 CHECK   JAM
 -9999 -9999 -9999 -9999   126   124   118     0    56 10100

   ALT    CT SPEED   DIR     W    SW    SU    SV  ETAM

   182  3828   610   245    37    78 -9999 -9999 -9999
   172  4321   638   245    41    77   143   118    64
   162  3938   637   246    50    80   137   114    69
   152  3609   578   245    58    82   131   110    70
   142  3427   498   246    62    82   125   105    58
   132  3111   426   250    65    78   119   100    63
   122  2657   422   263    69    68   113    95    85
   112  2565   406   264    66    66   119    91    63
   102  2624   402   259    60    67   131    86    22
    92  2492   432   258    51    68   127    76    21
    82  2392   445   255    42    70   122    69    28
    72  2605   452   250    36    74   119    79    42
    62  2588   460   254    32    75   116    88    56
    52  2146   449   252    34    73   112    98    70
    42  1682   428   247    35    73   117   105    87
    32  1200   412   244    35    77   132   110   111
    22  1018   387   241    32    76   130   116 -9999
    12   919   357   236    28    75   123   122 -9999
$

   GPS LAT  GPS LONG   ROLL  PITCH AZIMUT   T IN  PmBARS  T OUT    RH%
   37.1963  -80.5783    0.0    0.0  343.8   21.4   961.1   11.2   54.6                    

   BL# MONTH   DAY  YEAR  HOUR   MIN  VAL1  VAL2  VAL3  VAL4
  7962    11    10  2016     9    50   510   370   792     0

  SPU1  SPU2  SPU3  SPU4 NOIS1 NOIS2 NOIS3 NOIS4 FEMAX SOFTW
     1     0     0     0  5103  5004  4900     0 -9999  9063

  FE11  FE12  FE21  FE22  SNR1  SNR2  SNR3  SNR4 CHECK   JAM
 -9999 -9999 -9999 -9999   119   117   119     0    54 10100

   ALT    CT SPEED   DIR     W    SW    SU    SV  ETAM

   182  3003   549   284   -52    87   131    59    63
   172  4126   538   286   -50    90   137    59    56
   162  3442   537   285   -42    86   143    59    76
   152  2764   562   281   -37    84   147    61    99
   142  2099   575   279   -42    89   146    69   132
   132  1648   592   278   -41    91   151    71   124
   122  1421   618   277   -34    87   165    66    71
   112  1341   647   274   -36    84   165    66    38
   102  1322   676   273   -42    80   159    67    14
    92  1422   694   273   -49    81   155    76    70
    82  1518   701   272   -55    83   150    85   119
    72  1513   691   271   -55    84   138    84    66
    62  1602   651   270   -54    87   130    84    58
    52  1860   633   270   -53    94   128    84   127
    42  1731   622   271   -56    96   130    80   209
    32  1308   603   271   -61    95   135    72   334
    22   971   562   272   -57   101   152    69 -9999
    12   657   510   273   -49   110   172    69 -9999
$

   GPS LAT  GPS LONG   ROLL  PITCH AZIMUT   T IN  PmBARS  T OUT    RH%
   37.1963  -80.5783    0.0   -0.1  344.0   22.8   961.2   11.2   51.4                    

   BL# MONTH   DAY  YEAR  HOUR   MIN  VAL1  VAL2  VAL3  VAL4
  7961    11    10  2016    10     0   496   524   746     0

  SPU1  SPU2  SPU3  SPU4 NOIS1 NOIS2 NOIS3 NOIS4 FEMAX SOFTW
     1     0     0     0  5003  5004  4900     0 -9999  9063

  FE11  FE12  FE21  FE22  SNR1  SNR2  SNR3  SNR4 CHECK   JAM
 -9999 -9999 -9999 -9999   118   117   119     0    53 10100

   ALT    CT SPEED   DIR     W    SW    SU    SV  ETAM

   182  4494   821   261   -78   110   187   104   123
   172  5502   787   260   -72   102   184   109   149
   162  4804   785   261   -64    98   182   115    74
   152  4060   854   262   -56    94   175   113    22
   142  3191   845   262   -46    88   152    94    19
   132  2377   823   262   -36    92   143    86    90
   122  1620   826   266   -24   109   150    87   257
   112  1335   830   268   -31   101   140    81   265
   102  1247   825   269   -47    84   125    72   207
    92  1116   792   269   -49    91   137    69   187
    82  1027   754   269   -49   100   152    70   187
    72  1226   714   268   -48    94   166    78   260
    62  1423   689   266   -45    91   174    88   293
    52  1616   636   265   -38    94   173   103   248
    42  1488   565   264   -35    95   168   112   268
    32  1116   514   262   -34    95   157   119   346
    22   909   456   258   -27    94   159   126 -9999
    12   747   398   252   -17    93   165   134 -9999
$

   GPS LAT  GPS LONG   ROLL  PITCH AZIMUT   T IN  PmBARS  T OUT    RH%
   37.1963  -80.5783    0.0    0.0  344.0   23.5   961.1   11.5   51.8                    

   BL# MONTH   DAY  YEAR  HOUR   MIN  VAL1  VAL2  VAL3  VAL4
  7960    11    10  2016    10    10   471   599   752     0

  SPU1  SPU2  SPU3  SPU4 NOIS1 NOIS2 NOIS3 NOIS4 FEMAX SOFTW
     1     1     0     0  5103  5004  5001     0   159  9063

  FE11  FE12  FE21  FE22  SNR1  SNR2  SNR3  SNR4 CHECK   JAM
 -9999 -9999 -9999 -9999   118   119   118     0    56 10100

   ALT    CT SPEED   DIR     W    SW    SU    SV  ETAM

   182  3466   731   277  -108    81   176    96    52
   172  3873   696   278   -92    88   183    92    54
   162  3263   683   276   -79    92   191    88    50
   152  2701   715   272   -70    92   198    88    50
   142  2254   759   272   -66    87   206    96    59
   132  1777   798   273   -62    85   202    92    56
   122  1272   818   276   -58    86   186    75    37
   112  1198   808   274   -57    83   176    77    24
   102  1289   792   271   -57    77   167    85    18
    92  1468   802   272   -59    79   151    88    98
    82  1618   803   272   -62    79   138    88   164
    72  1562   792   271   -66    74   139    80   117
    62  1489   746   271   -67    70   140    77    96
    52  1384   710   270   -66    68   142    84   128
    42  1138   672   269   -63    71 -9999 -9999 -9999
    32   786   617   265   -60    79 -9999 -9999 -9999
    22   758   588   264   -60    84 -9999 -9999 -9999
    12   818   582   267   -62    87 -9999 -9999 -9999
$

   GPS LAT  GPS LONG   ROLL  PITCH AZIMUT   T IN  PmBARS  T OUT    RH%
   37.1963  -80.5783    0.1    0.0  344.0   24.3   961.1   11.8   51.2                    

   BL# MONTH   DAY  YEAR  HOUR   MIN  VAL1  VAL2  VAL3  VAL4
  7959    11    10  2016    10    20   389   524   790     0

  SPU1  SPU2  SPU3  SPU4 NOIS1 NOIS2 NOIS3 NOIS4 FEMAX SOFTW
     1     0     0     0  5902  5505  5201     0   159  9063

  FE11  FE12  FE21  FE22  SNR1  SNR2  SNR3  SNR4 CHECK   JAM
 -9999 -9999 -9999 -9999   117   109   108     0    58 10100

   ALT    CT SPEED   DIR     W    SW    SU    SV  ETAM

   182  3594   801   268   -74    96   152   103    37
   172  4027   760   269   -66    96   148   106    36
   162  3531   721   269   -47    95   163   109    40
   152  3070   683   270   -29    95   172   111    54
   142  2688   674   274   -12    97   169   111    92
   132  2400   684   277    -6    97   163   107   102
   122  2203   691   279    -9    93   152    97    87
   112  2113   705   279   -16    90   147    96    86
   102  2064   716   277   -27    87   144    98    87
    92  2052   701   275   -42    83   149    92    63
    82  2033   707   273   -55    79   154    88    44
    72  1959   718   272   -59    75   152    95    63
    62  1965   708   274   -60    73   153    99    75
    52  2114   690   272   -58    72   160    98    78
    42  1859   665   269   -55    74   158    93    71
    32  1304   634   271   -51    77   151    86    49
    22  1090   626   273   -52    81   143    81 -9999
    12   968   642   273   -56    85   134    77 -9999
$

   GPS LAT  GPS LONG   ROLL  PITCH AZIMUT   T IN  PmBARS  T OUT    RH%
   37.1963  -80.5783    0.1   -0.1  344.1   24.9   961.0   12.2   50.5                    

   BL# MONTH   DAY  YEAR  HOUR   MIN  VAL1  VAL2  VAL3  VAL4
  7958    11    10  2016    10    30   240   492   611     0

  SPU1  SPU2  SPU3  SPU4 NOIS1 NOIS2 NOIS3 NOIS4 FEMAX SOFTW
     1     0     0     0  5302  5605  5301     0   159  9063

  FE11  FE12  FE21  FE22  SNR1  SNR2  SNR3  SNR4 CHECK   JAM
 -9999 -9999 -9999 -9999   117   118   108     0    60 10100

   ALT    CT SPEED   DIR     W    SW    SU    SV  ETAM

   182  3305   440   273   -56   105 -9999 -9999 -9999
   172  3821   427   278   -64    92   114   143   186
   162  3227   442   279   -60    81   119   139   177
   152  2622   507   273   -53    72   125   135   169
   142  1989   556   270   -39    65   132   130   158
   132  1521   602   268   -27    64   138   132   161
   122  1210   650   264   -15    71   145   142   179
   112  1273   686   263   -12    68   138   132   159
   102  1477   692   264   -12    62   126   115   122
    92  1744   643   264   -14    57   126   129    83
    82  2013   595   259   -16    55   129   143    49
    72  2272   555   253   -21    67   131   136    38
    62  2364   531   250   -26    79   139   134    30
    52  2162   523   251   -31    94   159   141    16
    42  1799   530   254   -34   102   172   143    52
    32  1318   530   256   -38   106   180   143   145
    22  1006   518   260   -38   105   183   139 -9999
    12   740   499   263   -38   102   184   133 -9999
$

   GPS LAT  GPS LONG   ROLL  PITCH AZIMUT   T IN  PmBARS  T OUT    RH%
   37.1963  -80.5783    0.0   -0.1  344.2   25.5   960.9   13.0   47.3                    

   BL# MONTH   DAY  YEAR  HOUR   MIN  VAL1  VAL2  VAL3  VAL4
  7957    11    10  2016    10    40   229   539   673     0

  SPU1  SPU2  SPU3  SPU4 NOIS1 NOIS2 NOIS3 NOIS4 FEMAX SOFTW
     0     0     0     0  5504  5504  5301     0   139  9063

  FE11  FE12  FE21  FE22  SNR1  SNR2  SNR3  SNR4 CHECK   JAM
     9     8     9     9   117   118   118     0    60 10100

   ALT    CT SPEED   DIR     W    SW    SU    SV  ETAM

   182 -9999 -9999 -9999 -9999 -9999 -9999 -9999 -9999
   172 -9999 -9999 -9999 -9999 -9999 -9999 -9999 -9999
   162  4981   593   258    -5   105   167   108   102
   152  4009   620   259    -3   103   163   105   101
   142  3086   647   259     7   102   158   103   126
   132  2335   670   259    14    98   161   100   114
   122  1735   697   260    20    90   170    97    67
   112  1643   661   259    18    88   160   101   119
   102  1729   610   259    13    89   143   107   201
    92  1815   598   259    10    90   148   122   161
    82  1886   567   257     8    90   156   134   109
    72  1882   532   255     9    87   165   132    63
    62  1887   512   256     8    86   165   127    56
    52  1910   497   258     4    88   144   115   132
    42  1678   486   262     4    86 -9999 -9999 -9999
    32  1262   461   261     6    80 -9999 -9999 -9999
    22  1372   451   263     1    79 -9999 -9999 -9999
    12  1621   456   267    -6    79 -9999 -9999 -9999
$

   GPS LAT  GPS LONG   ROLL  PITCH AZIMUT   T IN  PmBARS  T OUT    RH%
   37.1963  -80.5783    0.1    0.0  344.3   26.3   960.7   13.6   48.0                    

   BL# MONTH   DAY  YEAR  HOUR   MIN  VAL1  VAL2  VAL3  VAL4
  7956    11    10  2016    10    50   345   666   707     0

  SPU1  SPU2  SPU3  SPU4 NOIS1 NOIS2 NOIS3 NOIS4 FEMAX SOFTW
     0     0     0     0  5003  5004  4901     0   139  9063

  FE11  FE12  FE21  FE22  SNR1  SNR2  SNR3  SNR4 CHECK   JAM
     9     8     9     9   118   118   118     0    53 10100

   ALT    CT SPEED   DIR     W    SW    SU    SV  ETAM

   182  2798   696   245   -35    88   159   103   127
   172  3388   689   242   -37    89   159   103   127
   162  2598   692   242   -36    78   159   103   128
   152  2008   718   250   -42    73   156   105   121
   142  1792   642   255   -64    77   149   113    96
   132  1474   591   259   -73    80   142   119    74
   122  1072   643   258   -74    82   133   125    50
   112  1017   615   257   -69    84   137   127    82
   102  1071   579   255   -62    86   143   128   125
    92  1171   588   256   -63    85   130   127    69
    82  1280   567   253   -63    84   118   127    35
    72  1426   541   248   -57    81   123   128   143
    62  1518   539   245   -53    79   126   129   164
    52  1524   511   238   -50    80   125   130    12
    42  1340   479   229   -44    73 -9999 -9999 -9999
    32  1023   477   228   -34    59 -9999 -9999 -9999
    22   967   462   230   -25    55 -9999 -9999 -9999
    12   980   440   235   -15    53 -9999 -9999 -9999
$

   GPS LAT  GPS LONG   ROLL  PITCH AZIMUT   T IN  PmBARS  T OUT    RH%
   37.1963  -80.5783    0.0   -0.1  344.1   27.1   960.6   13.8   45.5                    

   BL# MONTH   DAY  YEAR  HOUR   MIN  VAL1  VAL2  VAL3  VAL4
  7955    11    10  2016    11     0   433   459   703     0

  SPU1  SPU2  SPU3  SPU4 NOIS1 NOIS2 NOIS3 NOIS4 FEMAX SOFTW
     0     0     0     0  5004  5104  4900     0   139  9063

  FE11  FE12  FE21  FE22  SNR1  SNR2  SNR3  SNR4 CHECK   JAM
     9     8     9     9   117   107   109     0    52 10100

   ALT    CT SPEED   DIR     W    SW    SU    SV  ETAM

   182  3449   247   268   -50    99 -9999 -9999 -9999
   172  4924   253   266   -50   101 -9999 -9999 -9999
   162  4006   248   265   -56    99 -9999 -9999 -9999
   152  3168   220   268   -59    97 -9999 -9999 -9999
   142  2483   220   271   -59    97 -9999 -9999 -9999
   132  1747   236   278   -61    93   192   117   107
   122   971   281   290   -66    84   187   116   117
   112   830   330   286   -67    81   182   116   106
   102   888   379   280   -66    81   178   115    91
    92  1039   428   275   -67    81   173   114   123
    82  1184   446   273   -67    80   168   113   139
    72  1290   437   271   -63    80   164   112    63
    62  1359   397   269   -58    82   159   113    38
    52  1369   379   268   -54    90   154   115    87
    42  1188   373   266   -44    92   152   113   130
    32   872   358   269   -29    90   152   107   187
    22   883   329   266   -26    93   162   103 -9999
    12   980   299   257   -27    97   177    99 -9999
$

   GPS LAT  GPS LONG   ROLL  PITCH AZIMUT   T IN  PmBARS  T OUT    RH%
   37.1963  -80.5783    0.1   -0.1  344.4   27.8   960.5   14.2   47.1                    

   BL# MONTH   DAY  YEAR  HOUR   MIN  VAL1  VAL2  VAL3  VAL4
  7954    11    10  2016    11    10   446   362   907     0

  SPU1  SPU2  SPU3  SPU4 NOIS1 NOIS2 NOIS3 NOIS4 FEMAX SOFTW
     0     0     0     0  5003  5104  4900     0   235  9063

  FE11  FE12  FE21  FE22  SNR1  SNR2  SNR3  SNR4 CHECK   JAM
     9     7     9     9   118   108   119     0    53 10100

   ALT    CT SPEED   DIR     W    SW    SU    SV  ETAM

   182  3874   387   300    31   101   132   113    41
   172  5172   377   300    31   101   130   110    46
   162  4244   369   300    35   100   139   121    29
   152  3432   370   297    37    96   139   120    30
   142  2835   435   304    40    87   119    98    65
   132  2217   490   306    42    80   109    82    95
   122  1581   486   295    45    73   101    70   131
   112  1491   477   295    37    76   122    77   134
   102  1574   457   296    24    84   154    91   120
    92  1596   428   290    22    95   177    92    63
    82  1621   396   286    19   103   192    92    31
    72  1667   368   281    11   105   178    95   122
    62  1768   369   278     2   102   166    97   142
    52  1958   382   275    -5    91   154    97    47
    42  1763   407   274   -16    82   148   101    38
    32  1297   403   273   -29    73   147   109    90
    22  1144   415   279   -32    69   142   107 -9999
    12  1072   450   289   -31    67   137   100 -9999
$

   GPS LAT  GPS LONG   ROLL  PITCH AZIMUT   T IN  PmBARS  T OUT    RH%
   37.1963  -80.5783    0.0   -0.1  344.4   28.6   960.4   14.6   45.3                    

   BL# MONTH   DAY  YEAR  HOUR   MIN  VAL1  VAL2  VAL3  VAL4
  7953    11    10  2016    11    20   429   373   787     0

  SPU1  SPU2  SPU3  SPU4 NOIS1 NOIS2 NOIS3 NOIS4 FEMAX SOFTW
     0     0     0     0  5003  5004  4900     0   235  9063

  FE11  FE12  FE21  FE22  SNR1  SNR2  SNR3  SNR4 CHECK   JAM
     9     7     9     9   118   108   119     0    53 10100

   ALT    CT SPEED   DIR     W    SW    SU    SV  ETAM

   182 -9999 -9999 -9999 -9999 -9999 -9999 -9999 -9999
   172 -9999 -9999 -9999 -9999 -9999 -9999 -9999 -9999
   162  2755   778   286    17    99   157   117   147
   152  2608   754   286    28    96   157   117   146
   142  2163   777   288    26   100   157   117   145
   132  1912   772   289    28   104   161   117   131
   122  1804   684   286    32   108   169   117   106
   112  1742   646   282    25   106   176   117    84
   102  1693   634   279    16   101   182   116    61
    92  1560   643   282    15    98   187   116    37
    82  1459   637   281    15    96   189   113    31
    72  1511   626   281     9    97   179   101    82
    62  1496   622   284     1    98   171    98    95
    52  1376   607   285   -15    98   163   110    30
    42  1141   588   285   -23   102   168   109   138
    32   828   589   284   -28   109   185    97   414
    22   654   555   286   -32   107   180   103 -9999
    12   517   495   291   -36   102   169   113 -9999
$

   GPS LAT  GPS LONG   ROLL  PITCH AZIMUT   T IN  PmBARS  T OUT    RH%
   37.1963  -80.5783    0.1   -0.1  344.5   29.0   960.3   14.7   44.8                    

   BL# MONTH   DAY  YEAR  HOUR   MIN  VAL1  VAL2  VAL3  VAL4
  7952    11    10  2016    11    30   413   417   521     0

  SPU1  SPU2  SPU3  SPU4 NOIS1 NOIS2 NOIS3 NOIS4 FEMAX SOFTW
     0     0     0     0  5603  5204  5001     0   235  9063

  FE11  FE12  FE21  FE22  SNR1  SNR2  SNR3  SNR4 CHECK   JAM
     9     7     9     9   116   119   109     0    55 10100

   ALT    CT SPEED   DIR     W    SW    SU    SV  ETAM

   182 -9999 -9999 -9999 -9999 -9999 -9999 -9999 -9999
   172 -9999 -9999 -9999 -9999 -9999 -9999 -9999 -9999
   162  6051   809   267   -73    71   131   103    61
   152  4887   844   273   -73    69   132   103    62
   142  3714   832   274   -76    61   139   109    92
   132  2624   827   276   -74    58   146   114    73
   122  1594   857   280   -69    57   153   120    16
   112  1285   915   281   -68    55   146   119    11
   102  1181   964   280   -68    53   133   115    23
    92  1301   960   281   -69    56   120   117    48
    82  1379   947   283   -70    61   116   116    74
    72  1252   926   285   -69    70   142   104    95
    62  1261   902   284   -68    75   157    98   125
    52  1482   868   284   -68    74   158   102   166
    42  1383   819   285   -61    78   161   103   230
    32  1064   749   282   -49    87   166   103   331
    22   928   670   279   -41    97   178    96 -9999
    12   839   588   276   -33   108   193    88 -9999
$

   GPS LAT  GPS LONG   ROLL  PITCH AZIMUT   T IN  PmBARS  T OUT    RH%
   37.1963  -80.5783    0.0   -0.1  344.3   29.0   960.2   14.6   43.8                    

   BL# MONTH   DAY  YEAR  HOUR   MIN  VAL1  VAL2  VAL3  VAL4
  7951    11    10  2016    11    40   308   267   496     0

  SPU1  SPU2  SPU3  SPU4 NOIS1 NOIS2 NOIS3 NOIS4 FEMAX SOFTW
     0     0     0     0  5202  5303  5301     0   235  9063

  FE11  FE12  FE21  FE22  SNR1  SNR2  SNR3  SNR4 CHECK   JAM
     9     7     9     8   116   118   118     0    57 10100

   ALT    CT SPEED   DIR     W    SW    SU    SV  ETAM

   182 -9999 -9999 -9999 -9999 -9999 -9999 -9999 -9999
   172 -9999 -9999 -9999 -9999 -9999 -9999 -9999 -9999
   162  4216   828   293   -59   110   108    92    88
   152  3340   873   293   -53   106   112    95    89
   142  2590   881   292   -50    96   115    98   130
   132  2022   881   292   -48    89   119   102   104
   122  1587   875   295   -46    82   122   105    22
   112  1438   904   291   -52    84   126   101   122
   102  1370   936   288   -61    87   129    95   260
    92  1322   935   288   -69    84   131    97   163
    82  1316   903   288   -75    82   132   100    72
    72  1495   857   289   -68    89   134    99    73
    62  1634   842   290   -67    91   135    99   100
    52  1710   829   291   -72    87   135   103   146
    42  1533   814   292   -76    86   135   104   322
    32  1182   792   294   -79    86   137   103   659
    22   914   728   293   -88    77   139   101 -9999
    12   667   631   291   -99    64   142    99 -9999
$

   GPS LAT  GPS LONG   ROLL  PITCH AZIMUT   T IN  PmBARS  T OUT    RH%
   37.1963  -80.5784    0.2   -0.1  344.7   28.5   960.1   14.5   43.9                    

   BL# MONTH   DAY  YEAR  HOUR   MIN  VAL1  VAL2  VAL3  VAL4
  7950    11    10  2016    11    45   303   375   475     0

  SPU1  SPU2  SPU3  SPU4 NOIS1 NOIS2 NOIS3 NOIS4 FEMAX SOFTW
     0     0     0     0  5503  5104  5302     0   235  9063

  FE11  FE12  FE21  FE22  SNR1  SNR2  SNR3  SNR4 CHECK   JAM
     9     7     9     8   116   118   118     0    56 10100

   ALT    CT SPEED   DIR     W    SW    SU    SV  ETAM

   182  4377   940   279   -38   125 -9999 -9999 -9999
   172  6201   928   275   -55   115   175    91   157
   162  5167   961   274   -50   119   178    95   173
   152  4160  1067   277   -52   118   182    98   171
   142  3200  1096   275   -69   107   185   102   134
   132  2323  1084   275   -76   100   188   106   155
   122  1507  1031   277   -76    97   192   110   220
   112  1253   958   275   -67   103   195   114   140
   102  1158   885   271   -54   112   197   116    25
    92  1231   834   272   -55   110   191   109    54
    82  1390   815   275   -56   107   188   104    90
    72  1911   814   277   -51   108   202   110    76
    62  2174   797   278   -55   106   203   112    97
    52  2033   799   278   -70   102   184   106   160
    42  1765   808   279   -81    98   175   108   292
    32  1410   839   280   -90    94   169   115   522
    22  1009   797   279  -108    83   170   114 -9999
    12   595   690   278  -128    70   173   110 -9999
$

   GPS LAT  GPS LONG   ROLL  PITCH AZIMUT   T IN  PmBARS  T OUT    RH%
   37.1963  -80.5783    0.0   -0.1  344.5   28.3   959.8   14.7   42.8                    

   BL# MONTH   DAY  YEAR  HOUR   MIN  VAL1  VAL2  VAL3  VAL4
  7949    11    10  2016    11    50   348   459   411     0

  SPU1  SPU2  SPU3  SPU4 NOIS1 NOIS2 NOIS3 NOIS4 FEMAX SOFTW
     1     1     0     0  5103  5004  4900     0   235  9063

  FE11  FE12  FE21  FE22  SNR1  SNR2  SNR3  SNR4 CHECK   JAM
     9     7     9     8   116   118   118     0    53 10100

   ALT    CT SPEED   DIR     W    SW    SU    SV  ETAM

   182  9253   822   282   -27   111   167   100   555
   172  3518   811   280   -28   110   167   104   543
   162  3041   799   277   -22   116   168   109   586
   152  2544   792   274   -26   117   168   108   576
   142  2014   786   271   -48   106   169    98   488
   132  1498   798   269   -61    98   168    98   328
   122   991   857   270   -70    91   165   104    85
   112   917   815   269   -65    97   184   101    35
   102   965   760   268   -56   106   206    94    53
    92  1083   754   270   -55   104   193    89   118
    82  1271   748   269   -56   101   179    84   158
    72  1758   737   268   -56   103   179    77    80
    62  1976   704   268   -60   103   176    78    56
    52  1774   687   269   -71    98   170    90   117
    42  1504   680   269   -75    96   167    94   136
    32  1187   655   268   -77    93   164    92   135
    22   978   629   270   -83    94   175   101 -9999
    12   796   603   274   -90    96   190   112 -9999
$

   GPS LAT  GPS LONG   ROLL  PITCH AZIMUT   T IN  PmBARS  T OUT    RH%
   37.1963  -80.5783    0.1    0.0  344.6   28.5   959.8   14.9   41.9                    

   BL# MONTH   DAY  YEAR  HOUR   MIN  VAL1  VAL2  VAL3  VAL4
  7948    11    10  2016    11    55   437   395   409     0

  SPU1  SPU2  SPU3  SPU4 NOIS1 NOIS2 NOIS3 NOIS4 FEMAX SOFTW
     1     1     0     0  5003  5104  5001     0   235  9063

  FE11  FE12  FE21  FE22  SNR1  SNR2  SNR3  SNR4 CHECK   JAM
     9     7     9     8   116   118   118     0    54 10100

   ALT    CT SPEED   DIR     W    SW    SU    SV  ETAM

   182  8589  1124   275   -51    76 -9999 -9999 -9999
   172  8872  1078   274   -54    74   179   114    59
   162  7721  1023   274   -57    73   174   112    56
   152  6048   970   274   -59    72   169   110    55
   142  3494   909   273   -62    70   163   108    53
   132  1890   862   274   -61    69   158   106    52
   122   984   838   276   -55    68   152   104    51
   112   802   830   278   -59    77   159   102    53
   102   825   822   280   -67    89   169   100    64
    92   924   793   279   -69    88   165    95   146
    82  1003   777   277   -71    87   160    92   204
    72   993   756   274   -70    86   158    91   153
    62  1024   705   275   -70    85   157    94   111
    52  1121   668   275   -71    81   159   101    63
    42   984   642   276   -66    79   146   103   100
    32   686   627   276   -55    78   120   103   218
    22   713   594   276   -61    79   121   105 -9999
    12   823   548   276   -71    82   129   106 -9999
$

   GPS LAT  GPS LONG   ROLL  PITCH AZIMUT   T IN  PmBARS  T OUT    RH%
   37.1963  -80.5783    0.0   -0.1  344.7   28.7   959.7   15.0   43.9                    

   BL# MONTH   DAY  YEAR  HOUR   MIN  VAL1  VAL2  VAL3  VAL4
  7947    11    10  2016    12     0   434   359   504     0

  SPU1  SPU2  SPU3  SPU4 NOIS1 NOIS2 NOIS3 NOIS4 FEMAX SOFTW
     1     1     0     0  4903  5004  4900     0   235  9063

  FE11  FE12  FE21  FE22  SNR1  SNR2  SNR3  SNR4 CHECK   JAM
     9     7     9     8   118   118   118     0    53 10100

   ALT    CT SPEED   DIR     W    SW    SU    SV  ETAM

   182  9067   705   282   -33    98 -9999 -9999 -9999
   172 14672   698   279   -25   100   209   119   102
   162  8615   699   280   -16   100   203   115    85
   152  4502   712   286    -9   100   197   111    87
   142  3661   697   276    -3    97   190   107   121
   132  2683   699   269     4    94   184   104   101
   122  1605   698   274    14    92   177   100    38
   112  1225   716   275     3    98   171    96   116
   102  1042   731   277   -14   106   165    93   229
    92  1124   726   276   -20   104   158    93   222
    82  1223   704   277   -24   100   153    96   208
    72  1380   671   278   -26    95   151   105   221
    62  1507   642   279   -27    89   148   109   200
    52  1588   607   281   -25    79   142   109   114
    42  1419   573   283   -23    74   142   105   124
    32  1077   598   278   -21    72   146    97   210
    22   845   569   277   -20    75   146    98 -9999
    12   641   494   280   -18    78   143   103 -9999
$

   GPS LAT  GPS LONG   ROLL  PITCH AZIMUT   T IN  PmBARS  T OUT    RH%
   37.1963  -80.5783    0.1   -0.1  344.6   29.0   959.9   15.3   44.3                    

   BL# MONTH   DAY  YEAR  HOUR   MIN  VAL1  VAL2  VAL3  VAL4
  7946    11    10  2016    12     5   558   481   636     0

  SPU1  SPU2  SPU3  SPU4 NOIS1 NOIS2 NOIS3 NOIS4 FEMAX SOFTW
     1     1     0     0  5003  5004  4900     0   256  9063

  FE11  FE12  FE21  FE22  SNR1  SNR2  SNR3  SNR4 CHECK   JAM
     9     7     8     8   118   119   118     0    53 10100

   ALT    CT SPEED   DIR     W    SW    SU    SV  ETAM

   182  4506   482   289    11    91   147   105    49
   172  6966   514   289    15    93   149   109    52
   162  6343   515   287    25    90   151   113    30
   152  5829   469   281    35    87   152   112    32
   142  5496   457   271    45    84   154   104    79
   132  4300   460   266    55    75   150   102    76
   122  2468   464   271    65    62   140   102    36
   112  1972   485   271    63    59   133   100    22
   102  1854   500   272    57    60   127    98    16
    92  1617   483   276    53    64   124    94    31
    82  1437   473   279    47    70   124    94    44
    72  1518   466   282    37    84   135   107    28
    62  1530   448   285    28    92   148   111    73
    52  1434   444   286    22    94   167   104   228
    42  1236   439   287    13    93   172   105   252
    32   968   387   290     3    89   169   111   181
    22   750   339   293     8    71   169   111 -9999
    12   545   298   295    19    46   170   110 -9999
$

   GPS LAT  GPS LONG   ROLL  PITCH AZIMUT   T IN  PmBARS  T OUT    RH%
   37.1963  -80.5783    0.1   -0.1  344.5   29.4   960.0   15.8   43.2                    

   BL# MONTH   DAY  YEAR  HOUR   MIN  VAL1  VAL2  VAL3  VAL4
  7945    11    10  2016    12    10   542   511   637     0

  SPU1  SPU2  SPU3  SPU4 NOIS1 NOIS2 NOIS3 NOIS4 FEMAX SOFTW
     1     1     0     0  5003  5004  5000     0   256  9063

  FE11  FE12  FE21  FE22  SNR1  SNR2  SNR3  SNR4 CHECK   JAM
     9     7     8     8   118   119   119     0    53 10100

   ALT    CT SPEED   DIR     W    SW    SU    SV  ETAM

   182 -9999 -9999 -9999 -9999 -9999 -9999 -9999 -9999
   172 -9999 -9999 -9999 -9999 -9999 -9999 -9999 -9999
   162  5631   511   272     9   104   162   104   124
   152  5011   487   273    13   103   159   100   126
   142  4644   463   274    19   106   154    95   175
   132  3571   446   276    18   102   151    98   140
   122  2024   447   280    12    92   146   107    43
   112  1791   427   278    12    92   143    99    16
   102  1891   408   274    13    95   141    87    12
    92  1806   401   277    11    98   143    87    55
    82  1711   399   274     6   101   153    89    95
    72  1578   397   271    -2   109   192    94    92
    62  1532   382   274   -10   114   212   100   131
    52  1619   385   275   -18   117   211   108   210
    42  1460   389   275   -28   114   199   109   413
    32  1138   363   278   -41   107   176   105   774
    22  1006   288   278   -36    99   160    99 -9999
    12   921   180   272   -26    91   146    92 -9999
$

   GPS LAT  GPS LONG   ROLL  PITCH AZIMUT   T IN  PmBARS  T OUT    RH%
   37.1963  -80.5783    0.1   -0.1  344.7   29.8   959.9   15.9   41.7                    

   BL# MONTH   DAY  YEAR  HOUR   MIN  VAL1  VAL2  VAL3  VAL4
  7944    11    10  2016    12    15   427   448   600     0

  SPU1  SPU2  SPU3  SPU4 NOIS1 NOIS2 NOIS3 NOIS4 FEMAX SOFTW
     1     1     0     0  5003  5004  5101     0   256  9063

  FE11  FE12  FE21  FE22  SNR1  SNR2  SNR3  SNR4 CHECK   JAM
     9     7     8     8   118   119   109     0    54 10100

   ALT    CT SPEED   DIR     W    SW    SU    SV  ETAM

   182  4824   567   278   -27   106 -9999 -9999 -9999
   172  5846   592   283   -19   103   203   147    30
   162  4942   581   282   -28    97   198   142    29
   152  4048   527   271   -33    95   194   138    28
   142  3169   421   266   -33    99   189   132    26
   132  2281   366   267   -39    95   184   127    27
   122  1388   450   280   -50    85   179   122    29
   112  1255   467   277   -54    87   174   117    27
   102  1315   474   273   -55    93   170   112    25
    92  1455   480   273   -54    91   170   107    37
    82  1544   487   271   -53    89   170   102    49
    72  1427   487   269   -53    89   168   101    53
    62  1430   476   271   -52    88   170   101    51
    52  1612   478   274   -51    87   177   104    29
    42  1478   487   276   -50    91   184   107    90
    32  1131   485   278   -48    99   192   109   232
    22   995   457   279   -47   102   191   109 -9999
    12   912   409   280   -45   105   187   108 -9999
$

   GPS LAT  GPS LONG   ROLL  PITCH AZIMUT   T IN  PmBARS  T OUT    RH%
   37.1963  -80.5783    0.0    0.0  344.8   30.1   959.8   15.7   41.3                    

   BL# MONTH   DAY  YEAR  HOUR   MIN  VAL1  VAL2  VAL3  VAL4
  7943    11    10  2016    12    20   335   329   465     0

  SPU1  SPU2  SPU3  SPU4 NOIS1 NOIS2 NOIS3 NOIS4 FEMAX SOFTW
     1     0     0     0  5104  5602  6301     0   256  9063

  FE11  FE12  FE21  FE22  SNR1  SNR2  SNR3  SNR4 CHECK   JAM
     9     7     8     8   117   119   118     0    68 10100

   ALT    CT SPEED   DIR     W    SW    SU    SV  ETAM

   182 -9999 -9999 -9999 -9999 -9999 -9999 -9999 -9999
   172 -9999 -9999 -9999 -9999 -9999 -9999 -9999 -9999
   162 -9999 -9999 -9999 -9999 -9999 -9999 -9999 -9999
   152 -9999 -9999 -9999 -9999 -9999 -9999 -9999 -9999
   142  2586   514   275   -60    90   208   116   247
   132  1868   538   276   -52    94   200   119   281
   122  1247   539   275   -34   105   192   123   378
   112  1252   554   275   -32   111   202   127   254
   102  1415   582   276   -35   116   216   130    80
    92  1458   649   280   -43   114   207   120    95
    82  1447   662   279   -49   111   195   110   163
    72  1218   652   276   -47   110   178   105   370
    62  1099   636   276   -43   108   170   104   404
    52  1146   593   278   -32   104   178   109   183
    42   994   539   281   -28   106   178   109   123
    32   709   519   282   -28   111   173   107   157
    22   562   499   281   -33   112   175   106 -9999
    12   451   479   279   -41   111   178   105 -9999
$

   GPS LAT  GPS LONG   ROLL  PITCH AZIMUT   T IN  PmBARS  T OUT    RH%
   37.1963  -80.5783    0.0   -0.1  344.6   30.2   959.7   15.8   39.2                    

   BL# MONTH   DAY  YEAR  HOUR   MIN  VAL1  VAL2  VAL3  VAL4
  7942    11    10  2016    12    25   211   232   288     0

  SPU1  SPU2  SPU3  SPU4 NOIS1 NOIS2 NOIS3 NOIS4 FEMAX SOFTW
     1     0     0     0  5104  5404  5200     0   256  9063

  FE11  FE12  FE21  FE22  SNR1  SNR2  SNR3  SNR4 CHECK   JAM
     9     7     8     8   117   118   108     0    57 10100

   ALT    CT SPEED   DIR     W    SW    SU    SV  ETAM

   182 -9999 -9999 -9999 -9999 -9999 -9999 -9999 -9999
   172 -9999 -9999 -9999 -9999 -9999 -9999 -9999 -9999
   162 -9999 -9999 -9999 -9999 -9999 -9999 -9999 -9999
   152 -9999 -9999 -9999 -9999 -9999 -9999 -9999 -9999
   142  1272   667   258   -73   103   255   125   211
   132   972   650   259   -55   102   250   121   201
   122   816   633   259   -26   105   245   117   175
   112   863   642   264   -24   110   240   113   211
   102   961   676   268   -30   115   235   111   250
    92  1221   742   270   -35   113   230   117   155
    82  1448   730   269   -40   111   225   123   117
    72  1538   691   267   -44   109   217   122   328
    62  1555   679   266   -45   107   211   119   387
    52  1462   626   265   -41   104   208   111   224
    42  1218   553   265   -44   102   204   108   194
    32   871   518   267   -50   101   199   109   246
    22   684   475   268   -49   104   200   108 -9999
    12   537   424   269   -46   109   202   107 -9999
$

   GPS LAT  GPS LONG   ROLL  PITCH AZIMUT   T IN  PmBARS  T OUT    RH%
   37.1963  -80.5783    0.1   -0.1  344.6   30.2   959.7   15.7   40.0                    

   BL# MONTH   DAY  YEAR  HOUR   MIN  VAL1  VAL2  VAL3  VAL4
  7941    11    10  2016    12    30   272   326   424     0

  SPU1  SPU2  SPU3  SPU4 NOIS1 NOIS2 NOIS3 NOIS4 FEMAX SOFTW
     1     0     0     0  5003  5305  5200     0   256  9063

  FE11  FE12  FE21  FE22  SNR1  SNR2  SNR3  SNR4 CHECK   JAM
     9     7     8     8   117   118   117     0    56 10100

   ALT    CT SPEED   DIR     W    SW    SU    SV  ETAM

   182 -9999 -9999 -9999 -9999 -9999 -9999 -9999 -9999
   172 -9999 -9999 -9999 -9999 -9999 -9999 -9999 -9999
   162 -9999 -9999 -9999 -9999 -9999 -9999 -9999 -9999
   152 -9999 -9999 -9999 -9999 -9999 -9999 -9999 -9999
   142  2330   705   248   -25    78   148   144    25
   132  1811   685   248   -21    73   154   140    23
   122  1264   656   246   -20    72   160   135    19
   112  1079   696   249   -27    72   166   130    25
   102   985   720   252   -35    72   170   126    32
    92  1144   644   255   -31    68   159   121    19
    82  1353   611   256   -28    63   148   116    11
    72  1765   596   255   -30    60   139   109    19
    62  1905   592   256   -30    62   135   109    33
    52  1637   579   253   -26    74   141   118    44
    42  1299   566   250   -26    81   138   127   140
    32   913   553   250   -29    86   128   137   332
    22   667   516   247   -33    92   132   141 -9999
    12   454   463   241   -37    97   141   143 -9999
$

   GPS LAT  GPS LONG   ROLL  PITCH AZIMUT   T IN  PmBARS  T OUT    RH%
   37.1963  -80.5783    0.1   -0.1  344.6   30.5   959.5   16.3   41.1                    

   BL# MONTH   DAY  YEAR  HOUR   MIN  VAL1  VAL2  VAL3  VAL4
  7940    11    10  2016    12    35   288   395   514     0

  SPU1  SPU2  SPU3  SPU4 NOIS1 NOIS2 NOIS3 NOIS4 FEMAX SOFTW
     1     0     0     0  5203  5204  5200     0   256  9063

  FE11  FE12  FE21  FE22  SNR1  SNR2  SNR3  SNR4 CHECK   JAM
     9     7     8     8   117   118   107     0    58 10100

   ALT    CT SPEED   DIR     W    SW    SU    SV  ETAM

   182  3349   735   257    -8    97 -9999 -9999 -9999
   172  4315   747   256   -18    97 -9999 -9999 -9999
   162  3747   761   255   -29    87 -9999 -9999 -9999
   152  3259   772   254   -35    79   195   108    40
   142  2891   801   254   -38    71   188   109    39
   132  2310   816   254   -32    68   181   110    39
   122  1588   811   250   -20    68   174   112    41
   112  1353   737   252   -20    67   167   113    44
   102  1241   662   255   -24    66   159   114    46
    92  1253   645   259   -25    61   152   115    43
    82  1282   620   259   -26    58   145   117    37
    72  1382   597   258   -28    62   141   124    14
    62  1430   570   261   -26    67   142   129    13
    52  1400   558   260   -19    74   152   132    35
    42  1196   556   256   -18    84   160   138    98
    32   875   544   258   -20    96   170   145   212
    22   566   517   253   -18    97   149   136 -9999
    12   259   488   241   -16    96   119   123 -9999
$

   GPS LAT  GPS LONG   ROLL  PITCH AZIMUT   T IN  PmBARS  T OUT    RH%
   37.1963  -80.5783    0.1   -0.1  344.7   30.7   959.5   16.2   40.6                    

   BL# MONTH   DAY  YEAR  HOUR   MIN  VAL1  VAL2  VAL3  VAL4
  7939    11    10  2016    12    40   218   297   305     0

  SPU1  SPU2  SPU3  SPU4 NOIS1 NOIS2 NOIS3 NOIS4 FEMAX SOFTW
     1     0     0     0  6606  6108  5501     0   256  9063

  FE11  FE12  FE21  FE22  SNR1  SNR2  SNR3  SNR4 CHECK   JAM
     9     7     8     8   116   117   107     0    63 10100

   ALT    CT SPEED   DIR     W    SW    SU    SV  ETAM

   182 -9999 -9999 -9999 -9999 -9999 -9999 -9999 -9999
   172 -9999 -9999 -9999 -9999 -9999 -9999 -9999 -9999
   162 15117   808   273   -45    87 -9999 -9999 -9999
   152 12982   778   272   -54    83   155    87    94
   142  6183   748   272   -63    78   150    91    98
   132  2712   745   271   -59    71   147    94    96
   122  1481   805   273   -45    62   143    98    89
   112  1174   730   271   -34    63   139   101    98
   102  1100   653   268   -25    66   136   104   107
    92  1188   684   268   -28    64   143    98    83
    82  1244   659   267   -31    63   149    94    61
    72  1174   615   266   -34    67   145   104    57
    62  1137   577   266   -33    73   146   108    62
    52  1152   550   267   -27    79   157   103    89
    42   996   530   268   -29    86 -9999 -9999    77
    32   726   500   272   -37    93 -9999 -9999    32
    22   485   482   271   -14    92 -9999 -9999 -9999
    12   251   478   266    19    88 -9999 -9999 -9999
$

   GPS LAT  GPS LONG   ROLL  PITCH AZIMUT   T IN  PmBARS  T OUT    RH%
   37.1963  -80.5783    0.1   -0.1  344.6   31.0   959.3   16.4   39.3                    

   BL# MONTH   DAY  YEAR  HOUR   MIN  VAL1  VAL2  VAL3  VAL4
  7938    11    10  2016    12    45   289   315   310     0

  SPU1  SPU2  SPU3  SPU4 NOIS1 NOIS2 NOIS3 NOIS4 FEMAX SOFTW
     1     0     0     0  5103  5103  5202     0   256  9063

  FE11  FE12  FE21  FE22  SNR1  SNR2  SNR3  SNR4 CHECK   JAM
     9     7     8     8   116   117   116     0    56 10100

   ALT    CT SPEED   DIR     W    SW    SU    SV  ETAM

   182 -9999 -9999 -9999 -9999 -9999 -9999 -9999 -9999
   172 -9999 -9999 -9999 -9999 -9999 -9999 -9999 -9999
   162 -9999 -9999 -9999 -9999 -9999 -9999 -9999 -9999
   152 -9999 -9999 -9999 -9999 -9999 -9999 -9999 -9999
   142  3445   623   262   -23    88 -9999 -9999 -9999
   132  2427   652   263   -21    85   174    97    70
   122  1351   681   263    -8    71   168    95    73
   112  1071   669   266    -5    74   162    93    76
   102   992   652   269    -4    81   156    91    78
    92  1110   656   271    -6    80   150    89    73
    82  1196   638   272    -9    80   148    87    72
    72  1151   608   272    -9    82   160    84    84
    62  1116   587   273    -8    82   161    83    88
    52  1095   563   273    -5    77   143    83    80
    42   930   535   274    -6    76   141    82    98
    32   668   511   275   -11    78   150    81   141
    22   471   474   277     0    76   149    80 -9999
    12   289   425   281    14    73   145    80 -9999
$

   GPS LAT  GPS LONG   ROLL  PITCH AZIMUT   T IN  PmBARS  T OUT    RH%
   37.1963  -80.5783    0.1   -0.1  344.7   31.1   959.4   16.4   39.4                    

   BL# MONTH   DAY  YEAR  HOUR   MIN  VAL1  VAL2  VAL3  VAL4
  7937    11    10  2016    12    50   306   344   283     0

  SPU1  SPU2  SPU3  SPU4 NOIS1 NOIS2 NOIS3 NOIS4 FEMAX SOFTW
     1     1     0     0  5003  5004  4900     0   256  9063

  FE11  FE12  FE21  FE22  SNR1  SNR2  SNR3  SNR4 CHECK   JAM
     9     7     8     8   117   117   117     0    53 10100

   ALT    CT SPEED   DIR     W    SW    SU    SV  ETAM

   182  3925   446   261   -11    91 -9999 -9999 -9999
   172  5401   455   259   -17   103 -9999 -9999 -9999
   162  4800   473   258   -17   103 -9999 -9999 -9999
   152  4142   497   259   -20   105 -9999 -9999 -9999
   142  3397   503   255   -28   110 -9999 -9999 -9999
   132  5577   504   255   -28   108   195    99    50
   122  9722   495   262   -23   101   186   100    52
   112  6188   561   265   -18    95   177   100    50
   102   712   618   267   -14    88   169   100    48
    92   792   584   272   -14    82   160   101    54
    82   863   572   273   -17    79   157   101    57
    72   857   561   272   -25    81   175   101    44
    62   817   541   272   -29    78   177   101    36
    52   727   526   273   -29    66   157   101    32
    42   599   510   273   -29    63   147    97    66
    32   445   493   275   -28    65   141    89   141
    22   358   444   280   -18    67   142    90 -9999
    12   288   374   287    -6    70   145    94 -9999
$

   GPS LAT  GPS LONG   ROLL  PITCH AZIMUT   T IN  PmBARS  T OUT    RH%
   37.1963  -80.5783    0.1   -0.1  344.7   31.3   959.3   16.6   39.7                    

   BL# MONTH   DAY  YEAR  HOUR   MIN  VAL1  VAL2  VAL3  VAL4
  7936    11    10  2016    12    55   256   351   337     0

  SPU1  SPU2  SPU3  SPU4 NOIS1 NOIS2 NOIS3 NOIS4 FEMAX SOFTW
     1     1     0     0  5103  5604  4901     0   256  9063

  FE11  FE12  FE21  FE22  SNR1  SNR2  SNR3  SNR4 CHECK   JAM
     9     7     8     8   117   117   117     0    53 10100

   ALT    CT SPEED   DIR     W    SW    SU    SV  ETAM

   182 -9999 -9999 -9999 -9999 -9999 -9999 -9999 -9999
   172 -9999 -9999 -9999 -9999 -9999 -9999 -9999 -9999
   162  4287   482   262   -39   107 -9999 -9999 -9999
   152  3600   454   262   -33    98 -9999 -9999 -9999
   142  3100   484   258   -35    96 -9999 -9999 -9999
   132  2166   493   256   -35    93   139   104    43
   122   965   445   258   -33    90   145   103    40
   112   802   437   261   -33    82   151   102    44
   102   871   430   264   -33    73   154   100    49
    92   915   401   270   -26    70   144    99    37
    82   932   398   273   -20    70   141    98    33
    72   848   402   275   -16    82   164    97    59
    62   745   392   276   -13    87   172    97    99
    52   614   400   276   -11    83   158   101   177
    42   476   410   278    -9    85   149   102   157
    32   336   360   287    -8    90   142   102    56
    22   269   346   293    -6    84   142   104 -9999
    12   220   356   293    -3    75   144   106 -9999
$

   GPS LAT  GPS LONG   ROLL  PITCH AZIMUT   T IN  PmBARS  T OUT    RH%
   37.1963  -80.5783    0.1   -0.1  344.8   31.5   959.2   16.9   37.8                    

   BL# MONTH   DAY  YEAR  HOUR   MIN  VAL1  VAL2  VAL3  VAL4
  7935    11    10  2016    13     0   321   259   382     0

  SPU1  SPU2  SPU3  SPU4 NOIS1 NOIS2 NOIS3 NOIS4 FEMAX SOFTW
     1     1     0     0  5103  5004  4901     0   256  9063

  FE11  FE12  FE21  FE22  SNR1  SNR2  SNR3  SNR4 CHECK   JAM
     9     7     8     8   117   117   117     0    54 10100

   ALT    CT SPEED   DIR     W    SW    SU    SV  ETAM

   182 -9999 -9999 -9999 -9999 -9999 -9999 -9999 -9999
   172 -9999 -9999 -9999 -9999 -9999 -9999 -9999 -9999
   162  4014   544   274   -48   105 -9999 -9999 -9999
   152  3248   526   275   -45    92 -9999 -9999 -9999
   142  2754   541   272   -40    93 -9999 -9999 -9999
   132  1954   529   272   -36    89 -9999 -9999 -9999
   122   966   455   280   -33    81 -9999 -9999 -9999
   112   784   431   282   -24    76 -9999 -9999 -9999
   102   784   425   283   -15    71   179    98    44
    92   824   437   284    -9    64   174    96    48
    82   867   430   287    -4    62   168    93    49
    72   919   424   289     3    74   162    90    40
    62   891   443   288     8    80   156    90    41
    52   750   447   287    12    76   149    97    60
    42   620   437   285    12    80   154    93    46
    32   497   417   285    10    88   167    81     4
    22   367   405   282     1    82   165    83 -9999
    12   235   405   275   -10    71   158    89 -9999
$
