
   GPS LAT  GPS LONG   ROLL  PITCH AZIMUT   T IN  PmBARS  T OUT    RH%
   37.1968  -80.5777    0.1   -0.1  281.5   41.8   957.9   20.8   63.8                    

   BL# MONTH   DAY  YEAR  HOUR   MIN  VAL1  VAL2  VAL3  VAL4
   573     5    18  2017     0     0   688   439  1405     0

  SPU1  SPU2  SPU3  SPU4 NOIS1 NOIS2 NOIS3 NOIS4 FEMAX SOFTW
     1     2     1     0  5403  5603  5200    29  1385  9063

  FE11  FE12  FE21  FE22  SNR1  SNR2  SNR3  SNR4 CHECK   JAM
     8     8     8     8    96    96    96     0    57 10100

   ALT    CT SPEED   DIR     W    SW    SU    SV  U'V'  U'W'  ETAM

   140   326    84   178    -5    18     4     0     6    55     0
   130   311    86   183    -7    10    10    -1     8    46     0
   120   324    66   189   -10     1     6     3    12    40     0
   110   402    61   188    -9     1     6     8    10    42     0
   100   447    45   200   -11     1    13    10    27    28     0
    90   495    23   206   -12     1     5     7    29    28     0
    80   553    22    99   -11     1     8    13    28    11     0
    70   514    26    73    -9     1    14    -9     9     3     0
    60   453    29   151    -8     2    50   -13     8    -5     0
    50   374    55   163    -7     2    51    -4     5    16     0
    40   282    63   168    -9     1    48    -4    10    31     0
    30   184    59   166    -6     3    35     0     8    30     0
    20   109    50   150    -4     7    27    -8     7    27     0
    10    72    23   104    -2    13     2   -10     3     4 -9999
$

   GPS LAT  GPS LONG   ROLL  PITCH AZIMUT   T IN  PmBARS  T OUT    RH%
   37.1968  -80.5777    0.1   -0.1  281.7   41.6   958.1   20.3   63.9                    

   BL# MONTH   DAY  YEAR  HOUR   MIN  VAL1  VAL2  VAL3  VAL4
   573     5    18  2017     0    10   437   710  1371     0

  SPU1  SPU2  SPU3  SPU4 NOIS1 NOIS2 NOIS3 NOIS4 FEMAX SOFTW
     2     1     0     0  5602  5703  5300    29  1575  9063

  FE11  FE12  FE21  FE22  SNR1  SNR2  SNR3  SNR4 CHECK   JAM
     8     8     8     8    96    96    96     0    59 10100

   ALT    CT SPEED   DIR     W    SW    SU    SV  U'V'  U'W'  ETAM

   140   432   175   195    -9    16    16    79     4    80     9
   130   452   164   195    -8     9    10    47    14    79     1
   120   494   130   190    -8     1    19    32    12    79     0
   110   562   102   186    -7     1    10    30    25    74     0
   100   582    73   185    -7     1    16    17    29    57     0
    90   549    38   191    -6     1    13    10    49    42     0
    80   461    12   293    -7     1     3     6    30    26     0
    70   462    19   339    -9     1     5     6    14    -3     0
    60   423    18    28    -9     1    21     3    14   -11     0
    50   381    15    90    -9     1    19    -7    23    -7     0
    40   421    19   131   -11     1    33    -7    41     5     0
    30   309    20   154   -13     8    19    -5    32    10     1
    20   201    19   185   -16    13    12    -2     7     8     1
    10   155    49   231   -21    15     6    20     4    12 -9999
$

   GPS LAT  GPS LONG   ROLL  PITCH AZIMUT   T IN  PmBARS  T OUT    RH%
   37.1968  -80.5777    0.1   -0.1  281.5   41.5   958.2   20.4   64.3                    

   BL# MONTH   DAY  YEAR  HOUR   MIN  VAL1  VAL2  VAL3  VAL4
   573     5    18  2017     0    20   435   238  1229     0

  SPU1  SPU2  SPU3  SPU4 NOIS1 NOIS2 NOIS3 NOIS4 FEMAX SOFTW
     2     1     0     0  5802  5703  5200    29  1575  9063

  FE11  FE12  FE21  FE22  SNR1  SNR2  SNR3  SNR4 CHECK   JAM
     8     8     8     8    96    96    96     0    59 10100

   ALT    CT SPEED   DIR     W    SW    SU    SV  U'V'  U'W'  ETAM

   140   289   122   238    -9     1    17    82     4    29     0
   130   245    93   229   -11     1    20    72     8    36     0
   120   228    52   199   -12     1    24    57    18    24     0
   110   256    68   165   -13     1    19    37    14    25     0
   100   394    70   143   -12     1     8     5     6    21     0
    90   481    59   140   -11     1     9   -10     5    37     0
    80   469    59   174    -9     1     4   -24     5    21     0
    70   486    47   185    -8     1    13     1    11    30     0
    60   431    40   172    -7     1    13     6    17    22     0
    50   354    26   117    -6     1     8    -1     9    19     0
    40   363    34    89    -3     1    25   -14     7     2     0
    30   281    34    93     1     1    32   -17    14     3     0
    20   195    32    90     4     1     8   -13     8     3     0
    10   136    47    74     5     1     5   -22     1    -3 -9999
$

   GPS LAT  GPS LONG   ROLL  PITCH AZIMUT   T IN  PmBARS  T OUT    RH%
   37.1968  -80.5777    0.1   -0.1  281.7   41.2   958.1   20.3   64.7                    

   BL# MONTH   DAY  YEAR  HOUR   MIN  VAL1  VAL2  VAL3  VAL4
   573     5    18  2017     0    30    93    77   641     0

  SPU1  SPU2  SPU3  SPU4 NOIS1 NOIS2 NOIS3 NOIS4 FEMAX SOFTW
     2     1     0     0  5602  5604  5300    29  1575  9063

  FE11  FE12  FE21  FE22  SNR1  SNR2  SNR3  SNR4 CHECK   JAM
     8     8     8     8    96    96    96     0    58 10100

   ALT    CT SPEED   DIR     W    SW    SU    SV  U'V'  U'W'  ETAM

   140   795    74   207    -8    13     5    15     2    21 -9999
   130   630    87   195    -8     6     7     8     3    13 -9999
   120   182    36   217    -8     2     9    21     6    29 -9999
   110   195    39   327   -10     5     9    16     1    43 -9999
   100   210    45   344   -10     3     2    11     5     7 -9999
    90   216    38   355   -10     1     2     6     2   -29 -9999
    80   211    43     6   -11     1     8     1     5   -15 -9999
    70   218    30   127    -8     1     7    -5     4   -28 -9999
    60   201     5   145    -8     1    10   -12     5    14 -9999
    50   170     5   325    -8     1     7     1     8     1 -9999
    40   142    19   346    -8     1     9     2    11    -3 -9999
    30    91    34   356   -11     1     7     1     6   -14 -9999
    20    61    43     3   -13     1     3    -4     3   -20 -9999
    10    71    38     1   -11     1     1    -3     2   -18 -9999
$

   GPS LAT  GPS LONG   ROLL  PITCH AZIMUT   T IN  PmBARS  T OUT    RH%
   37.1968  -80.5777    0.1   -0.1  281.7   41.2   958.0   20.1   64.1                    

   BL# MONTH   DAY  YEAR  HOUR   MIN  VAL1  VAL2  VAL3  VAL4
   573     5    18  2017     0    40   117    90   931     0

  SPU1  SPU2  SPU3  SPU4 NOIS1 NOIS2 NOIS3 NOIS4 FEMAX SOFTW
     2     2     0     0  5703  5604  5200    29  1575  9063

  FE11  FE12  FE21  FE22  SNR1  SNR2  SNR3  SNR4 CHECK   JAM
     8     8     8     8    96    96    96     0    58 10100

   ALT    CT SPEED   DIR     W    SW    SU    SV  U'V'  U'W'  ETAM

   140   214    85   310   -15     1     5    29     0   -32 -9999
   130   181   119   308   -15     1     5    34     2   -37 -9999
   120   158    42   315   -14     1     2    25     6   -28 -9999
   110   165    44   335   -14     1     3    43     2   -45 -9999
   100   202    40   313   -14     1     8     7     6   -11 -9999
    90   233    32   273   -14     1     1     5     2   -23 -9999
    80   249    17   202   -14     1     7    20     2    -8 -9999
    70   263    20   140   -13     1     8     6     3     8 -9999
    60   241    17    52   -12     1    13    -6     9    10 -9999
    50   198    18    37   -11     1    14    -8     6    -7 -9999
    40   159    14   325    -9     1     8    -5     5    -6 -9999
    30   104    21   273    -7     1     3    11     8    -7 -9999
    20    59    25   220    -5     1     3     9     3     8 -9999
    10    33    21   217    -3     1     1     7     2     7 -9999
$

   GPS LAT  GPS LONG   ROLL  PITCH AZIMUT   T IN  PmBARS  T OUT    RH%
   37.1968  -80.5777    0.1   -0.1  282.0   40.8   957.9   19.9   64.8                    

   BL# MONTH   DAY  YEAR  HOUR   MIN  VAL1  VAL2  VAL3  VAL4
   573     5    18  2017     0    50    26   111   917     0

  SPU1  SPU2  SPU3  SPU4 NOIS1 NOIS2 NOIS3 NOIS4 FEMAX SOFTW
     1     2     0     0  5602  5703  5300    29  1575  9063

  FE11  FE12  FE21  FE22  SNR1  SNR2  SNR3  SNR4 CHECK   JAM
     8     8     8     8    86    96    86     0    58 10100

   ALT    CT SPEED   DIR     W    SW    SU    SV  U'V'  U'W'  ETAM

   140   258    67   230   -13     8     1    29     2    16 -9999
   130   305    87   242   -11     6     5    34     1    15 -9999
   120   356    47   204    -9     1     1    25     1    17 -9999
   110   345    40   181   -11     1     2    43     6    14 -9999
   100   310    60   182   -11     1     2     7     8    20 -9999
    90   264    58   191   -11     1     3     1     9    19 -9999
    80   210     2   262   -11     1     6    10     1    37 -9999
    70   169    84    43   -13     1     3     7     5     6 -9999
    60   133   117    16   -13     1     2   -36     2   -26 -9999
    50   105    67   311   -12     1     3   -23     5   -58 -9999
    40    95    53   285   -11     1     5    42     6   -10 -9999
    30    73    31   304    -9     1     3     6     9   -10 -9999
    20    54    50   284    -9     1     1    20     7   -10 -9999
    10    41    72   270    -9     1     2    34     7    -5 -9999
$

   GPS LAT  GPS LONG   ROLL  PITCH AZIMUT   T IN  PmBARS  T OUT    RH%
   37.1968  -80.5777    0.1   -0.1  281.9   40.7   958.0   19.7   64.8                    

   BL# MONTH   DAY  YEAR  HOUR   MIN  VAL1  VAL2  VAL3  VAL4
   573     5    18  2017     1     0    61   217  1049     0

  SPU1  SPU2  SPU3  SPU4 NOIS1 NOIS2 NOIS3 NOIS4 FEMAX SOFTW
     1     2     0     0  5802  5503  5401    29  1575  9063

  FE11  FE12  FE21  FE22  SNR1  SNR2  SNR3  SNR4 CHECK   JAM
     8     8     8     8    96    96    96     0    60 10100

   ALT    CT SPEED   DIR     W    SW    SU    SV  U'V'  U'W'  ETAM

   140   251    72   224   -11     1     3    29     1    21 -9999
   130   400    88   237    -8     1     6    34     5    20 -9999
   120   559    58   198    -5     1     1    25     2    22 -9999
   110   542    34   150    -4     1     5    43     3    18 -9999
   100   494    32   140    -5     1     6     7     8    26 -9999
    90   399    39   150    -7     1     7   -12    14     9 -9999
    80   252    50   144   -10     1     5    -4    12    15 -9999
    70   201    69   170   -11     1     6   -14     7    19 -9999
    60   224    52   125   -10     1     5     1     3    37 -9999
    50   272    34   255    -8     1     5   -23     6    14 -9999
    40   246    60   282    -8     1     4    34    15    -4 -9999
    30   205    48   314   -10     1     9    21    23   -16 -9999
    20   143    48   352   -11     1     2     1     8   -23 -9999
    10    56    58     2   -12     1     2    -5     1   -27 -9999
$

   GPS LAT  GPS LONG   ROLL  PITCH AZIMUT   T IN  PmBARS  T OUT    RH%
   37.1968  -80.5777    0.1   -0.1  282.0   40.6   957.9   19.6   64.8                    

   BL# MONTH   DAY  YEAR  HOUR   MIN  VAL1  VAL2  VAL3  VAL4
   573     5    18  2017     1    10    69   219  1003     0

  SPU1  SPU2  SPU3  SPU4 NOIS1 NOIS2 NOIS3 NOIS4 FEMAX SOFTW
     1     1     0     0  5602  5205  5200    29  1575  9063

  FE11  FE12  FE21  FE22  SNR1  SNR2  SNR3  SNR4 CHECK   JAM
     8     8     8     8    96    96    96     0    56 10100

   ALT    CT SPEED   DIR     W    SW    SU    SV  U'V'  U'W'  ETAM

   140   233    47   230   -13     4     5    15     4    14 -9999
   130   402    49   231   -14     1     4    17     3    13 -9999
   120   577    43   229   -15     1     4    19     4    12 -9999
   110   644    51   232   -15     1     6    20     3    12 -9999
   100   579    43   229   -14     1     5    17     0    11 -9999
    90   481    26   207   -13     1     3    23     6    12 -9999
    80   375    23   162   -12     1     8    11     9    10 -9999
    70   279    38   145   -12     1     8    -1     4     9 -9999
    60   227    43   115   -12     1     6    -8    10    17 -9999
    50   202    48   100   -12     1     8   -19    22    10 -9999
    40   171    61    86   -12     1     6   -24    18     6 -9999
    30   125    78    76   -12     1     4   -34    14    -2 -9999
    20    93    94    72   -11     1     2   -43     7    -8 -9999
    10    88   111    71    -7     1     0   -52     1   -10 -9999
$

   GPS LAT  GPS LONG   ROLL  PITCH AZIMUT   T IN  PmBARS  T OUT    RH%
   37.1968  -80.5777    0.1   -0.1  282.1   40.3   957.8   19.4   65.2                    

   BL# MONTH   DAY  YEAR  HOUR   MIN  VAL1  VAL2  VAL3  VAL4
   573     5    18  2017     1    20   103   330   730     0

  SPU1  SPU2  SPU3  SPU4 NOIS1 NOIS2 NOIS3 NOIS4 FEMAX SOFTW
     2     1     1     0  5502  5304  5200    29  1575  9063

  FE11  FE12  FE21  FE22  SNR1  SNR2  SNR3  SNR4 CHECK   JAM
     8     8     8     8    96    96    96     0    57 10100

   ALT    CT SPEED   DIR     W    SW    SU    SV  U'V'  U'W'  ETAM

   140  1087    37   203   -12     1     1     9     4    14 -9999
   130   693    28   220   -13     1     4    10     6    12 -9999
   120   229    48   190   -13     1     7     9     3    17 -9999
   110   305    26   253   -12     1     0    11     4     8 -9999
   100   314    24     7   -12     1     2     7     4    25 -9999
    90   293    42    37   -11     1     3    15     7    -8 -9999
    80   249    29   331   -10     1     8   -22     8   -14 -9999
    70   226    36   283    -7     1     5     2     8   -15 -9999
    60   206     7   244    -7     1     6    19    13    -6 -9999
    50   194    11   119    -7     1     6     1    36     3 -9999
    40   204    17   112    -7     1    10    -6    33     4 -9999
    30   170    13    91   -10     1     9    -8    17     5 -9999
    20   129    17   359   -11     1     3    -2     5    -5 -9999
    10    91    42   352    -9     1     4     0     2   -21 -9999
$

   GPS LAT  GPS LONG   ROLL  PITCH AZIMUT   T IN  PmBARS  T OUT    RH%
   37.1968  -80.5777    0.1   -0.1  282.0   40.2   957.6   19.1   65.5                    

   BL# MONTH   DAY  YEAR  HOUR   MIN  VAL1  VAL2  VAL3  VAL4
   573     5    18  2017     1    30   144   440   761     0

  SPU1  SPU2  SPU3  SPU4 NOIS1 NOIS2 NOIS3 NOIS4 FEMAX SOFTW
     2     1     1     0  5403  5503  5200    29  1575  9063

  FE11  FE12  FE21  FE22  SNR1  SNR2  SNR3  SNR4 CHECK   JAM
     8     8     8     8    96    96    96     0    58 10100

   ALT    CT SPEED   DIR     W    SW    SU    SV  U'V'  U'W'  ETAM

   140   464   120   203    -8     1     5    50     9    36 -9999
   130   179   100   227    -8     1     4    13     3    39 -9999
   120   227    66   194    -9     1     8    29     5    54 -9999
   110   357    59   168    -9     1     6    43     5    25 -9999
   100   371    40   172    -9     1     3     7    11    30 -9999
    90   355    21   217   -10     1     6    -7    11    27 -9999
    80   334    18   283   -10     1    13     7    23    12 -9999
    70   266    30   301    -9     1    16     7    27    -2 -9999
    60   210    46   301   -10     1    17    11    24    -9 -9999
    50   163    71   286   -10     1    14    18    32   -15 -9999
    40   114    67   308    -8     1     5    37    11   -13 -9999
    30    70    77   335   -11     1     3     6     3   -32 -9999
    20    45   101   323   -13     5     3    20     2   -40 -9999
    10    46   125   317   -11    14     3    34     2   -49 -9999
$

   GPS LAT  GPS LONG   ROLL  PITCH AZIMUT   T IN  PmBARS  T OUT    RH%
   37.1968  -80.5777    0.1   -0.1  281.8   40.0   957.6   18.7   65.6                    

   BL# MONTH   DAY  YEAR  HOUR   MIN  VAL1  VAL2  VAL3  VAL4
   573     5    18  2017     1    40   339  1033  1692     0

  SPU1  SPU2  SPU3  SPU4 NOIS1 NOIS2 NOIS3 NOIS4 FEMAX SOFTW
     1     2     0     0  5204  5503  5300    29   135  9063

  FE11  FE12  FE21  FE22  SNR1  SNR2  SNR3  SNR4 CHECK   JAM
     8     8     8     8    96    96    97     0    57 10100

   ALT    CT SPEED   DIR     W    SW    SU    SV  U'V'  U'W'  ETAM

   140   461   222   187     1     1     1    50    17   129 -9999
   130   583   202   189     0     1     6    13    17   120 -9999
   120   764   163   187    -3     1     2    29    16   104 -9999
   110   931   120   183    -3     1     0    29    32    92 -9999
   100   863    82   175    -4     1     7    18    47    72 -9999
    90   721    55   163    -4     1    15     7    90    47 -9999
    80   551    28   159    -3     1    38    -5    88    32 -9999
    70   326    11    29    -4     1    49    -4    48    16 -9999
    60   236    78   278    -5     1     9    -7     7    -5 -9999
    50   222    89   277    -6     1     0    45     5   -12 -9999
    40   167    91   281    -5     1     2    42     2   -11 -9999
    30   125    87   282    -3     1     5    43     3   -17 -9999
    20   101    63   276     0     1     9    34     6    -6 -9999
    10   100    40   301     3     1     3    15     0   -12 -9999
$

   GPS LAT  GPS LONG   ROLL  PITCH AZIMUT   T IN  PmBARS  T OUT    RH%
   37.1968  -80.5776    0.1   -0.1  281.7   39.7   957.6   18.7   65.5                    

   BL# MONTH   DAY  YEAR  HOUR   MIN  VAL1  VAL2  VAL3  VAL4
   573     5    18  2017     1    50   450  1252  1796     0

  SPU1  SPU2  SPU3  SPU4 NOIS1 NOIS2 NOIS3 NOIS4 FEMAX SOFTW
     1     2     0     0  5204  5602  5400    29   135  9063

  FE11  FE12  FE21  FE22  SNR1  SNR2  SNR3  SNR4 CHECK   JAM
     8     8     8     8    96    96    97     0    57 10100

   ALT    CT SPEED   DIR     W    SW    SU    SV  U'V'  U'W'  ETAM

   140 -9999 -9999 -9999 -9999 -9999 -9999 -9999 -9999 -9999 -9999
   130 -9999 -9999 -9999 -9999 -9999 -9999 -9999 -9999 -9999 -9999
   120 -9999 -9999 -9999 -9999 -9999 -9999 -9999 -9999 -9999 -9999
   110 -9999 -9999 -9999 -9999 -9999 -9999 -9999 -9999 -9999 -9999
   100 -9999 -9999 -9999 -9999 -9999 -9999 -9999 -9999 -9999 -9999
    90 -9999 -9999 -9999 -9999 -9999 -9999 -9999 -9999 -9999 -9999
    80 -9999 -9999 -9999 -9999 -9999 -9999 -9999 -9999 -9999 -9999
    70 -9999 -9999 -9999 -9999 -9999 -9999 -9999 -9999 -9999 -9999
    60 -9999 -9999 -9999 -9999 -9999 -9999 -9999 -9999 -9999 -9999
    50 -9999 -9999 -9999 -9999 -9999 -9999 -9999 -9999 -9999 -9999
    40 -9999 -9999 -9999 -9999 -9999 -9999 -9999 -9999 -9999 -9999
    30 -9999 -9999 -9999 -9999 -9999 -9999 -9999 -9999 -9999 -9999
    20 -9999 -9999 -9999 -9999 -9999 -9999 -9999 -9999 -9999 -9999
    10 -9999 -9999 -9999 -9999 -9999 -9999 -9999 -9999 -9999 -9999
$

   GPS LAT  GPS LONG   ROLL  PITCH AZIMUT   T IN  PmBARS  T OUT    RH%
   37.1968  -80.5776    0.1   -0.1  282.2   39.3   957.8   18.8   64.7                    

   BL# MONTH   DAY  YEAR  HOUR   MIN  VAL1  VAL2  VAL3  VAL4
   573     5    18  2017     2     0   443  1132  1862     0

  SPU1  SPU2  SPU3  SPU4 NOIS1 NOIS2 NOIS3 NOIS4 FEMAX SOFTW
     1     2     0     0  5304  5503  5100    29   135  9063

  FE11  FE12  FE21  FE22  SNR1  SNR2  SNR3  SNR4 CHECK   JAM
     8     8     8     8    96    96    86     0    55 10100

   ALT    CT SPEED   DIR     W    SW    SU    SV  U'V'  U'W'  ETAM

   140 -9999 -9999 -9999 -9999 -9999 -9999 -9999 -9999 -9999 -9999
   130 -9999 -9999 -9999 -9999 -9999 -9999 -9999 -9999 -9999 -9999
   120 -9999 -9999 -9999 -9999 -9999 -9999 -9999 -9999 -9999 -9999
   110 -9999 -9999 -9999 -9999 -9999 -9999 -9999 -9999 -9999 -9999
   100 -9999 -9999 -9999 -9999 -9999 -9999 -9999 -9999 -9999 -9999
    90 -9999 -9999 -9999 -9999 -9999 -9999 -9999 -9999 -9999 -9999
    80 -9999 -9999 -9999 -9999 -9999 -9999 -9999 -9999 -9999 -9999
    70 -9999 -9999 -9999 -9999 -9999 -9999 -9999 -9999 -9999 -9999
    60 -9999 -9999 -9999 -9999 -9999 -9999 -9999 -9999 -9999 -9999
    50 -9999 -9999 -9999 -9999 -9999 -9999 -9999 -9999 -9999 -9999
    40 -9999 -9999 -9999 -9999 -9999 -9999 -9999 -9999 -9999 -9999
    30 -9999 -9999 -9999 -9999 -9999 -9999 -9999 -9999 -9999 -9999
    20 -9999 -9999 -9999 -9999 -9999 -9999 -9999 -9999 -9999 -9999
    10 -9999 -9999 -9999 -9999 -9999 -9999 -9999 -9999 -9999 -9999
$

   GPS LAT  GPS LONG   ROLL  PITCH AZIMUT   T IN  PmBARS  T OUT    RH%
   37.1968  -80.5776    0.1   -0.1  282.0   38.9   957.7   18.1   66.6                    

   BL# MONTH   DAY  YEAR  HOUR   MIN  VAL1  VAL2  VAL3  VAL4
   573     5    18  2017     2    10   934  1171  1849     0

  SPU1  SPU2  SPU3  SPU4 NOIS1 NOIS2 NOIS3 NOIS4 FEMAX SOFTW
     2     2     0     0  5303  5602  5100    29   109  9063

  FE11  FE12  FE21  FE22  SNR1  SNR2  SNR3  SNR4 CHECK   JAM
     8     8     8     8    96    96    97     0    55 10100

   ALT    CT SPEED   DIR     W    SW    SU    SV  U'V'  U'W'  ETAM

   140  1299   302   208     0     1    14   112    16   127 -9999
   130  1510   257   203    -2     1    38   103    35   132 -9999
   120  1633   203   199    -3     1    51    87    65   121 -9999
   110  1531   156   199    -5     1   101    62   101   107 -9999
   100  1208   105   205    -6     1   110    40   128    82 -9999
    90   806    63   206    -8     1    80    31   108    57 -9999
    80   368    54   185   -12     1    28    23    28    25 -9999
    70   191    74   177   -10     1     7     6     6    22 -9999
    60    96    23   352   -10     1     1     3     4    39 -9999
    50    68    46   167   -11     1     3     0     1   -23 -9999
    40    85    51   160   -12     1     1    -3     2    42 -9999
    30    79    24   157   -16     1     5    -6     3     6 -9999
    20   107    47   182   -19     1     6     3     4    20 -9999
    10   195    74   187   -19     1     9     9     3    34 -9999
$

   GPS LAT  GPS LONG   ROLL  PITCH AZIMUT   T IN  PmBARS  T OUT    RH%
   37.1968  -80.5776    0.1   -0.1  282.0   38.4   957.7   18.2   65.3                    

   BL# MONTH   DAY  YEAR  HOUR   MIN  VAL1  VAL2  VAL3  VAL4
   573     5    18  2017     2    20  1086   914  1861     0

  SPU1  SPU2  SPU3  SPU4 NOIS1 NOIS2 NOIS3 NOIS4 FEMAX SOFTW
     2     2     0     0  5304  5403  5100    29   109  9063

  FE11  FE12  FE21  FE22  SNR1  SNR2  SNR3  SNR4 CHECK   JAM
     8     8     8     8    96    96    97     0    55 10100

   ALT    CT SPEED   DIR     W    SW    SU    SV  U'V'  U'W'  ETAM

   140  1007   287   208    -5     1    22   115    17   138 -9999
   130  1110   237   203    -5     1    37    97    20   129 -9999
   120  1099   195   199    -6     1    48    84    39   113 -9999
   110  1002   152   196    -5     1    71    56    88    97 -9999
   100   783    92   192    -5     1   112    38   121    80 -9999
    90   545    35   189    -3     1    81    25    69    59 -9999
    80   327    12   217    -1     1    31     5    19    21 -9999
    70   221    28    69    -3     1     9     7     4     5 -9999
    60   161    41     7    -5     1     6   -15     2    -3 -9999
    50   136    45    26    -7     1     8    -3     2   -23 -9999
    40   132    58    25    -8     1     3   -16     3   -16 -9999
    30   105    76    13    -9     1     5   -14     4   -30 -9999
    20    78    97     5   -12     1     6   -11     2   -42 -9999
    10    62   116   355   -14     1     4    -3     2   -55 -9999
$

   GPS LAT  GPS LONG   ROLL  PITCH AZIMUT   T IN  PmBARS  T OUT    RH%
   37.1968  -80.5776    0.1   -0.1  282.0   38.1   957.6   18.2   66.5                    

   BL# MONTH   DAY  YEAR  HOUR   MIN  VAL1  VAL2  VAL3  VAL4
   573     5    18  2017     2    30   922   917  1732     0

  SPU1  SPU2  SPU3  SPU4 NOIS1 NOIS2 NOIS3 NOIS4 FEMAX SOFTW
     2     2     0     0  5404  5304  5100    29   109  9063

  FE11  FE12  FE21  FE22  SNR1  SNR2  SNR3  SNR4 CHECK   JAM
     8     8     8     8   106    96    97     0    55 10100

   ALT    CT SPEED   DIR     W    SW    SU    SV  U'V'  U'W'  ETAM

   140 -9999 -9999 -9999 -9999 -9999 -9999 -9999 -9999 -9999 -9999
   130 -9999 -9999 -9999 -9999 -9999 -9999 -9999 -9999 -9999 -9999
   120 -9999 -9999 -9999 -9999 -9999 -9999 -9999 -9999 -9999 -9999
   110 -9999 -9999 -9999 -9999 -9999 -9999 -9999 -9999 -9999 -9999
   100 -9999 -9999 -9999 -9999 -9999 -9999 -9999 -9999 -9999 -9999
    90 -9999 -9999 -9999 -9999 -9999 -9999 -9999 -9999 -9999 -9999
    80 -9999 -9999 -9999 -9999 -9999 -9999 -9999 -9999 -9999 -9999
    70 -9999 -9999 -9999 -9999 -9999 -9999 -9999 -9999 -9999 -9999
    60 -9999 -9999 -9999 -9999 -9999 -9999 -9999 -9999 -9999 -9999
    50 -9999 -9999 -9999 -9999 -9999 -9999 -9999 -9999 -9999 -9999
    40 -9999 -9999 -9999 -9999 -9999 -9999 -9999 -9999 -9999 -9999
    30 -9999 -9999 -9999 -9999 -9999 -9999 -9999 -9999 -9999 -9999
    20 -9999 -9999 -9999 -9999 -9999 -9999 -9999 -9999 -9999 -9999
    10 -9999 -9999 -9999 -9999 -9999 -9999 -9999 -9999 -9999 -9999
$

   GPS LAT  GPS LONG   ROLL  PITCH AZIMUT   T IN  PmBARS  T OUT    RH%
   37.1968  -80.5776    0.1   -0.1  282.2   37.9   957.5   17.6   67.1                    

   BL# MONTH   DAY  YEAR  HOUR   MIN  VAL1  VAL2  VAL3  VAL4
   573     5    18  2017     2    40     0   977  1821     0

  SPU1  SPU2  SPU3  SPU4 NOIS1 NOIS2 NOIS3 NOIS4 FEMAX SOFTW
     2     1     0     0  5403  5703  5300    29    96  9063

  FE11  FE12  FE21  FE22  SNR1  SNR2  SNR3  SNR4 CHECK   JAM
     8     8     8     8   115    96    97     0    56 10100

   ALT    CT SPEED   DIR     W    SW    SU    SV  U'V'  U'W'  ETAM

   140 -9999 -9999 -9999 -9999 -9999 -9999 -9999 -9999 -9999 -9999
   130 -9999 -9999 -9999 -9999 -9999 -9999 -9999 -9999 -9999 -9999
   120 -9999 -9999 -9999 -9999 -9999 -9999 -9999 -9999 -9999 -9999
   110 -9999 -9999 -9999 -9999 -9999 -9999 -9999 -9999 -9999 -9999
   100 -9999 -9999 -9999 -9999 -9999 -9999 -9999 -9999 -9999 -9999
    90 -9999 -9999 -9999 -9999 -9999 -9999 -9999 -9999 -9999 -9999
    80 -9999 -9999 -9999 -9999 -9999 -9999 -9999 -9999 -9999 -9999
    70 -9999 -9999 -9999 -9999 -9999 -9999 -9999 -9999 -9999 -9999
    60 -9999 -9999 -9999 -9999 -9999 -9999 -9999 -9999 -9999 -9999
    50 -9999 -9999 -9999 -9999 -9999 -9999 -9999 -9999 -9999 -9999
    40 -9999 -9999 -9999 -9999 -9999 -9999 -9999 -9999 -9999 -9999
    30 -9999 -9999 -9999 -9999 -9999 -9999 -9999 -9999 -9999 -9999
    20 -9999 -9999 -9999 -9999 -9999 -9999 -9999 -9999 -9999 -9999
    10 -9999 -9999 -9999 -9999 -9999 -9999 -9999 -9999 -9999 -9999
$

   GPS LAT  GPS LONG   ROLL  PITCH AZIMUT   T IN  PmBARS  T OUT    RH%
   37.1968  -80.5776    0.1   -0.1  282.1   37.8   957.5   17.6   67.1                    

   BL# MONTH   DAY  YEAR  HOUR   MIN  VAL1  VAL2  VAL3  VAL4
   573     5    18  2017     2    50  1284     0  1863     0

  SPU1  SPU2  SPU3  SPU4 NOIS1 NOIS2 NOIS3 NOIS4 FEMAX SOFTW
     2     1     0     0  5403  5502  5400    29    96  9063

  FE11  FE12  FE21  FE22  SNR1  SNR2  SNR3  SNR4 CHECK   JAM
     8     8     8     8    96    96    97     0    57 10100

   ALT    CT SPEED   DIR     W    SW    SU    SV  U'V'  U'W'  ETAM

   140 -9999 -9999 -9999 -9999 -9999 -9999 -9999 -9999 -9999 -9999
   130 -9999 -9999 -9999 -9999 -9999 -9999 -9999 -9999 -9999 -9999
   120 -9999 -9999 -9999 -9999 -9999 -9999 -9999 -9999 -9999 -9999
   110 -9999 -9999 -9999 -9999 -9999 -9999 -9999 -9999 -9999 -9999
   100 -9999 -9999 -9999 -9999 -9999 -9999 -9999 -9999 -9999 -9999
    90 -9999 -9999 -9999 -9999 -9999 -9999 -9999 -9999 -9999 -9999
    80 -9999 -9999 -9999 -9999 -9999 -9999 -9999 -9999 -9999 -9999
    70 -9999 -9999 -9999 -9999 -9999 -9999 -9999 -9999 -9999 -9999
    60 -9999 -9999 -9999 -9999 -9999 -9999 -9999 -9999 -9999 -9999
    50 -9999 -9999 -9999 -9999 -9999 -9999 -9999 -9999 -9999 -9999
    40 -9999 -9999 -9999 -9999 -9999 -9999 -9999 -9999 -9999 -9999
    30 -9999 -9999 -9999 -9999 -9999 -9999 -9999 -9999 -9999 -9999
    20 -9999 -9999 -9999 -9999 -9999 -9999 -9999 -9999 -9999 -9999
    10 -9999 -9999 -9999 -9999 -9999 -9999 -9999 -9999 -9999 -9999
$

   GPS LAT  GPS LONG   ROLL  PITCH AZIMUT   T IN  PmBARS  T OUT    RH%
   37.1968  -80.5776    0.1    0.0  282.1   37.7   957.6   17.9   65.5                    

   BL# MONTH   DAY  YEAR  HOUR   MIN  VAL1  VAL2  VAL3  VAL4
   573     5    18  2017     3     0  1626   791  2839     0

  SPU1  SPU2  SPU3  SPU4 NOIS1 NOIS2 NOIS3 NOIS4 FEMAX SOFTW
     2     1     0     0  5406  5503  5300    29    96  9063

  FE11  FE12  FE21  FE22  SNR1  SNR2  SNR3  SNR4 CHECK   JAM
     8     8     8     8    96    97    86     0    57 10100

   ALT    CT SPEED   DIR     W    SW    SU    SV  U'V'  U'W'  ETAM

   140 -9999 -9999 -9999 -9999 -9999 -9999 -9999 -9999 -9999 -9999
   130 -9999 -9999 -9999 -9999 -9999 -9999 -9999 -9999 -9999 -9999
   120 -9999 -9999 -9999 -9999 -9999 -9999 -9999 -9999 -9999 -9999
   110 -9999 -9999 -9999 -9999 -9999 -9999 -9999 -9999 -9999 -9999
   100 -9999 -9999 -9999 -9999 -9999 -9999 -9999 -9999 -9999 -9999
    90 -9999 -9999 -9999 -9999 -9999 -9999 -9999 -9999 -9999 -9999
    80 -9999 -9999 -9999 -9999 -9999 -9999 -9999 -9999 -9999 -9999
    70 -9999 -9999 -9999 -9999 -9999 -9999 -9999 -9999 -9999 -9999
    60 -9999 -9999 -9999 -9999 -9999 -9999 -9999 -9999 -9999 -9999
    50 -9999 -9999 -9999 -9999 -9999 -9999 -9999 -9999 -9999 -9999
    40 -9999 -9999 -9999 -9999 -9999 -9999 -9999 -9999 -9999 -9999
    30 -9999 -9999 -9999 -9999 -9999 -9999 -9999 -9999 -9999 -9999
    20 -9999 -9999 -9999 -9999 -9999 -9999 -9999 -9999 -9999 -9999
    10 -9999 -9999 -9999 -9999 -9999 -9999 -9999 -9999 -9999 -9999
$

   GPS LAT  GPS LONG   ROLL  PITCH AZIMUT   T IN  PmBARS  T OUT    RH%
   37.1968  -80.5776    0.1    0.0  282.4   37.4   957.7   17.4   66.5                    

   BL# MONTH   DAY  YEAR  HOUR   MIN  VAL1  VAL2  VAL3  VAL4
   573     5    18  2017     3    10  1995   863  2442     0

  SPU1  SPU2  SPU3  SPU4 NOIS1 NOIS2 NOIS3 NOIS4 FEMAX SOFTW
     2     2     0     0  5402  5702  5300    29    97  9063

  FE11  FE12  FE21  FE22  SNR1  SNR2  SNR3  SNR4 CHECK   JAM
     8     8     8     8    96    96    86     0    56 10100

   ALT    CT SPEED   DIR     W    SW    SU    SV  U'V'  U'W'  ETAM

   140 -9999 -9999 -9999 -9999 -9999 -9999 -9999 -9999 -9999 -9999
   130 -9999 -9999 -9999 -9999 -9999 -9999 -9999 -9999 -9999 -9999
   120 -9999 -9999 -9999 -9999 -9999 -9999 -9999 -9999 -9999 -9999
   110 -9999 -9999 -9999 -9999 -9999 -9999 -9999 -9999 -9999 -9999
   100 -9999 -9999 -9999 -9999 -9999 -9999 -9999 -9999 -9999 -9999
    90 -9999 -9999 -9999 -9999 -9999 -9999 -9999 -9999 -9999 -9999
    80 -9999 -9999 -9999 -9999 -9999 -9999 -9999 -9999 -9999 -9999
    70 -9999 -9999 -9999 -9999 -9999 -9999 -9999 -9999 -9999 -9999
    60 -9999 -9999 -9999 -9999 -9999 -9999 -9999 -9999 -9999 -9999
    50 -9999 -9999 -9999 -9999 -9999 -9999 -9999 -9999 -9999 -9999
    40 -9999 -9999 -9999 -9999 -9999 -9999 -9999 -9999 -9999 -9999
    30 -9999 -9999 -9999 -9999 -9999 -9999 -9999 -9999 -9999 -9999
    20 -9999 -9999 -9999 -9999 -9999 -9999 -9999 -9999 -9999 -9999
    10 -9999 -9999 -9999 -9999 -9999 -9999 -9999 -9999 -9999 -9999
$

   GPS LAT  GPS LONG   ROLL  PITCH AZIMUT   T IN  PmBARS  T OUT    RH%
   37.1968  -80.5776    0.1   -0.1  282.4   37.3   957.5   17.2   67.7                    

   BL# MONTH   DAY  YEAR  HOUR   MIN  VAL1  VAL2  VAL3  VAL4
   573     5    18  2017     3    20  2297  1324  2407     0

  SPU1  SPU2  SPU3  SPU4 NOIS1 NOIS2 NOIS3 NOIS4 FEMAX SOFTW
     2     2     0     0  5303  5503  5300    29    97  9063

  FE11  FE12  FE21  FE22  SNR1  SNR2  SNR3  SNR4 CHECK   JAM
     8     8     8     8    96    96    96     0    57 10100

   ALT    CT SPEED   DIR     W    SW    SU    SV  U'V'  U'W'  ETAM

   140  1724   404   230     1     1    44   192    35   134 -9999
   130  1911   348   233    -1     1    57   184    61   120 -9999
   120  1955   290   238    -2     1    93   166    79   106 -9999
   110  1934   237   242    -4     1   134   146    93    79 -9999
   100  1636   180   245    -4     1   183   121   126    51 -9999
    90  1249   119   249    -5     1   176    98    77    31 -9999
    80   843    67   257    -6     1   138    64    44    18 -9999
    70   467    14   235    -8     1    62    35    10     2 -9999
    60   257    44   333    -9     1    17     2     3     4 -9999
    50   178    58   303   -10     1     6     6     6   -25 -9999
    40   160    89   284    -9     1     5    29     9   -14 -9999
    30   123    86   284    -9     1     3    51    13   -17 -9999
    20   105    28   310    -7     6     7    13     4    -8 -9999
    10   122    41     7    -1    19     3    -5     3   -19 -9999
$

   GPS LAT  GPS LONG   ROLL  PITCH AZIMUT   T IN  PmBARS  T OUT    RH%
   37.1968  -80.5776    0.1   -0.1  282.4   37.2   957.7   17.1   67.2                    

   BL# MONTH   DAY  YEAR  HOUR   MIN  VAL1  VAL2  VAL3  VAL4
   573     5    18  2017     3    30  2189  1155  2735     0

  SPU1  SPU2  SPU3  SPU4 NOIS1 NOIS2 NOIS3 NOIS4 FEMAX SOFTW
     2     2     0     0  5104  5703  5602    29    97  9063

  FE11  FE12  FE21  FE22  SNR1  SNR2  SNR3  SNR4 CHECK   JAM
     8     8     8     8    96    97    96     0    57 10100

   ALT    CT SPEED   DIR     W    SW    SU    SV  U'V'  U'W'  ETAM

   140 -9999 -9999 -9999 -9999 -9999 -9999 -9999 -9999 -9999 -9999
   130 -9999 -9999 -9999 -9999 -9999 -9999 -9999 -9999 -9999 -9999
   120 -9999 -9999 -9999 -9999 -9999 -9999 -9999 -9999 -9999 -9999
   110 -9999 -9999 -9999 -9999 -9999 -9999 -9999 -9999 -9999 -9999
   100 -9999 -9999 -9999 -9999 -9999 -9999 -9999 -9999 -9999 -9999
    90 -9999 -9999 -9999 -9999 -9999 -9999 -9999 -9999 -9999 -9999
    80 -9999 -9999 -9999 -9999 -9999 -9999 -9999 -9999 -9999 -9999
    70 -9999 -9999 -9999 -9999 -9999 -9999 -9999 -9999 -9999 -9999
    60 -9999 -9999 -9999 -9999 -9999 -9999 -9999 -9999 -9999 -9999
    50 -9999 -9999 -9999 -9999 -9999 -9999 -9999 -9999 -9999 -9999
    40 -9999 -9999 -9999 -9999 -9999 -9999 -9999 -9999 -9999 -9999
    30 -9999 -9999 -9999 -9999 -9999 -9999 -9999 -9999 -9999 -9999
    20 -9999 -9999 -9999 -9999 -9999 -9999 -9999 -9999 -9999 -9999
    10 -9999 -9999 -9999 -9999 -9999 -9999 -9999 -9999 -9999 -9999
$

   GPS LAT  GPS LONG   ROLL  PITCH AZIMUT   T IN  PmBARS  T OUT    RH%
   37.1968  -80.5776    0.1    0.0  282.4   37.3   957.7   16.9   65.9                    

   BL# MONTH   DAY  YEAR  HOUR   MIN  VAL1  VAL2  VAL3  VAL4
   573     5    18  2017     3    40  1828  1538  2218     0

  SPU1  SPU2  SPU3  SPU4 NOIS1 NOIS2 NOIS3 NOIS4 FEMAX SOFTW
     2     2     0     0  5104  5702  5401    29   114  9063

  FE11  FE12  FE21  FE22  SNR1  SNR2  SNR3  SNR4 CHECK   JAM
     8     8     8     8    96    96    95     0    57 10100

   ALT    CT SPEED   DIR     W    SW    SU    SV  U'V'  U'W'  ETAM

   140  2196   387   230    -7     3    30   190    28   123 -9999
   130  2541   337   230    -7     2    46   180    45   114 -9999
   120  2550   290   232    -7     1    71   159    65   101 -9999
   110  2307   237   238    -8     1   142   137   106    84 -9999
   100  1716   165   244   -10     1   184   116   127    67 -9999
    90  1127    93   254   -12     1   163    96    96    35 -9999
    80   693    47   275   -12     1    65    52    49    11 -9999
    70   391    13   163   -12     1    18    26    35    -9 -9999
    60   292     0   217   -13     1     3    -5    11     6 -9999
    50   320     8   262   -14     1     4     0    22    -1 -9999
    40   288     3   307   -14     1     2     5    27     1 -9999
    30   233     8    26   -15     1    10    -3    42    -3 -9999
    20   188     9     6   -13     1     2     2    15    -1 -9999
    10   166    37    35    -4     1     0   -12     3   -13 -9999
$

   GPS LAT  GPS LONG   ROLL  PITCH AZIMUT   T IN  PmBARS  T OUT    RH%
   37.1968  -80.5776    0.1    0.0  282.5   37.2   957.6   16.8   67.6                    

   BL# MONTH   DAY  YEAR  HOUR   MIN  VAL1  VAL2  VAL3  VAL4
   573     5    18  2017     3    50  1157   638  2010     0

  SPU1  SPU2  SPU3  SPU4 NOIS1 NOIS2 NOIS3 NOIS4 FEMAX SOFTW
     2     1     0     0  5305  5704  5301    29   114  9063

  FE11  FE12  FE21  FE22  SNR1  SNR2  SNR3  SNR4 CHECK   JAM
     8     8     8     8    96    95    95     0    61 10100

   ALT    CT SPEED   DIR     W    SW    SU    SV  U'V'  U'W'  ETAM

   140   749   317   235    -6     1    33   162    15   104 -9999
   130   853   262   243    -7     1    31   155    24    93 -9999
   120   954   221   250    -9     1    37   138    22    73 -9999
   110   952   193   254   -10     1    58   118    42    39 -9999
   100   847   157   255   -10     1   109   100    35    16 -9999
    90   707   103   260   -10     1   107    86    43    10 -9999
    80   554    42   303   -10     1    49    62    13     8 -9999
    70   421    44    47   -10     1    15    21     7   -14 -9999
    60   392    59    78   -10     1     7   -21    11   -13 -9999
    50   416    46    79   -11     1    11   -31     9     0 -9999
    40   366    29    86   -11     1     4   -18    18    -1 -9999
    30   301    15    90   -11     1    10    -9    23     3 -9999
    20   224     3    37   -10     1     3    -3     2    -1 -9999
    10   134    19   275    -7     1     3     9     2    -2 -9999
$

   GPS LAT  GPS LONG   ROLL  PITCH AZIMUT   T IN  PmBARS  T OUT    RH%
   37.1968  -80.5777    0.1    0.0  282.3   37.2   957.6   16.7   67.5                    

   BL# MONTH   DAY  YEAR  HOUR   MIN  VAL1  VAL2  VAL3  VAL4
   573     5    18  2017     4     0  1470   529  2163     0

  SPU1  SPU2  SPU3  SPU4 NOIS1 NOIS2 NOIS3 NOIS4 FEMAX SOFTW
     2     1     0     0  5104  5504  5100    29   114  9063

  FE11  FE12  FE21  FE22  SNR1  SNR2  SNR3  SNR4 CHECK   JAM
     8     8     8     8    96    95    95     0    56 10100

   ALT    CT SPEED   DIR     W    SW    SU    SV  U'V'  U'W'  ETAM

   140 -9999 -9999 -9999 -9999 -9999 -9999 -9999 -9999 -9999 -9999
   130 -9999 -9999 -9999 -9999 -9999 -9999 -9999 -9999 -9999 -9999
   120 -9999 -9999 -9999 -9999 -9999 -9999 -9999 -9999 -9999 -9999
   110 -9999 -9999 -9999 -9999 -9999 -9999 -9999 -9999 -9999 -9999
   100 -9999 -9999 -9999 -9999 -9999 -9999 -9999 -9999 -9999 -9999
    90 -9999 -9999 -9999 -9999 -9999 -9999 -9999 -9999 -9999 -9999
    80 -9999 -9999 -9999 -9999 -9999 -9999 -9999 -9999 -9999 -9999
    70 -9999 -9999 -9999 -9999 -9999 -9999 -9999 -9999 -9999 -9999
    60 -9999 -9999 -9999 -9999 -9999 -9999 -9999 -9999 -9999 -9999
    50 -9999 -9999 -9999 -9999 -9999 -9999 -9999 -9999 -9999 -9999
    40 -9999 -9999 -9999 -9999 -9999 -9999 -9999 -9999 -9999 -9999
    30 -9999 -9999 -9999 -9999 -9999 -9999 -9999 -9999 -9999 -9999
    20 -9999 -9999 -9999 -9999 -9999 -9999 -9999 -9999 -9999 -9999
    10 -9999 -9999 -9999 -9999 -9999 -9999 -9999 -9999 -9999 -9999
$

   GPS LAT  GPS LONG   ROLL  PITCH AZIMUT   T IN  PmBARS  T OUT    RH%
   37.1968  -80.5777    0.1    0.0  282.6   37.1   957.6   16.9   67.6                    

   BL# MONTH   DAY  YEAR  HOUR   MIN  VAL1  VAL2  VAL3  VAL4
   573     5    18  2017     4    10   892   382  1710     0

  SPU1  SPU2  SPU3  SPU4 NOIS1 NOIS2 NOIS3 NOIS4 FEMAX SOFTW
     1     2     0     0  5204  5404  5100    29    75  9063

  FE11  FE12  FE21  FE22  SNR1  SNR2  SNR3  SNR4 CHECK   JAM
     8     8     8     8    94    95    96     0    58 10100

   ALT    CT SPEED   DIR     W    SW    SU    SV  U'V'  U'W'  ETAM

   140 -9999 -9999 -9999 -9999 -9999 -9999 -9999 -9999 -9999 -9999
   130 -9999 -9999 -9999 -9999 -9999 -9999 -9999 -9999 -9999 -9999
   120 -9999 -9999 -9999 -9999 -9999 -9999 -9999 -9999 -9999 -9999
   110 -9999 -9999 -9999 -9999 -9999 -9999 -9999 -9999 -9999 -9999
   100 -9999 -9999 -9999 -9999 -9999 -9999 -9999 -9999 -9999 -9999
    90 -9999 -9999 -9999 -9999 -9999 -9999 -9999 -9999 -9999 -9999
    80 -9999 -9999 -9999 -9999 -9999 -9999 -9999 -9999 -9999 -9999
    70 -9999 -9999 -9999 -9999 -9999 -9999 -9999 -9999 -9999 -9999
    60 -9999 -9999 -9999 -9999 -9999 -9999 -9999 -9999 -9999 -9999
    50 -9999 -9999 -9999 -9999 -9999 -9999 -9999 -9999 -9999 -9999
    40 -9999 -9999 -9999 -9999 -9999 -9999 -9999 -9999 -9999 -9999
    30 -9999 -9999 -9999 -9999 -9999 -9999 -9999 -9999 -9999 -9999
    20 -9999 -9999 -9999 -9999 -9999 -9999 -9999 -9999 -9999 -9999
    10 -9999 -9999 -9999 -9999 -9999 -9999 -9999 -9999 -9999 -9999
$

   GPS LAT  GPS LONG   ROLL  PITCH AZIMUT   T IN  PmBARS  T OUT    RH%
   37.1968  -80.5777    0.1    0.0  282.4   36.8   957.5   16.3   69.1                    

   BL# MONTH   DAY  YEAR  HOUR   MIN  VAL1  VAL2  VAL3  VAL4
   573     5    18  2017     4    20   620   522  1226     0

  SPU1  SPU2  SPU3  SPU4 NOIS1 NOIS2 NOIS3 NOIS4 FEMAX SOFTW
     1     2     0     0  5703  5902  5400    29    75  9063

  FE11  FE12  FE21  FE22  SNR1  SNR2  SNR3  SNR4 CHECK   JAM
     8     8     8     8    95    95    96     0    61 10100

   ALT    CT SPEED   DIR     W    SW    SU    SV  U'V'  U'W'  ETAM

   140   952   291   230   -13     3     9   154     6    99     0
   130   989   244   233   -11     1    18   138    11    82     0
   120   929   207   234   -11     1    34   120    32    78     0
   110   720   167   239   -12     1    50   102    63    55     0
   100   536   105   236   -14     1    56    84    57    43     0
    90   369    46   223   -16     1    39    67    15    24     0
    80   221    21   268   -16     1    11    20    10    20     0
    70   197    41   238   -16     1     7     8    10    -4     0
    60   164    36   172   -16     1     2    20     0     7     0
    50   124    57   157   -17     1    13    -4     1    19     0
    40    90    81   162   -15     1    15    -8     4    31     0
    30    51    98   163   -11    11     6    -5     5    46 -9999
    20    33   101   159    -6    21     2   -10     3    48 -9999
    10    53    98   153     2    27     5   -15     1    44 -9999
$

   GPS LAT  GPS LONG   ROLL  PITCH AZIMUT   T IN  PmBARS  T OUT    RH%
   37.1968  -80.5777    0.1    0.0  282.5   36.7   957.4   16.0   70.4                    

   BL# MONTH   DAY  YEAR  HOUR   MIN  VAL1  VAL2  VAL3  VAL4
   573     5    18  2017     4    30   353   571  1692     0

  SPU1  SPU2  SPU3  SPU4 NOIS1 NOIS2 NOIS3 NOIS4 FEMAX SOFTW
     1     2     0     0  5105  5803  5600    29    75  9063

  FE11  FE12  FE21  FE22  SNR1  SNR2  SNR3  SNR4 CHECK   JAM
     8     8     8     8    93    95    95     0    66 10100

   ALT    CT SPEED   DIR     W    SW    SU    SV  U'V'  U'W'  ETAM

   140   808   251   213     0     1     3    91     2    99     0
   130  1019   217   215    -1     1     6   102    10   105     0
   120  1178   167   220    -3     1    11    80    22    93     0
   110  1180   114   219    -4     1    26    70    34    77     0
   100  1108    60   223    -6     1    39    57    62    47     0
    90   925    14   235    -7     1    28    30    47    30     0
    80   592    21    71    -8     1    13    13    11     4     0
    70   405    32   360   -10     1     4   -13     6    -1     0
    60   309    23   289   -11     1     1    -4     1   -18     0
    50   276    36   222   -12     1     4    13     5    -3     0
    40   236    50   208   -13     1     9    14    14    18     0
    30   169    60   201   -12     1     5    14     9    20 -9999
    20   103    83   193   -11     9     1    14     0    37 -9999
    10    48    92   192    -9    30     0    15     3    41 -9999
$

   GPS LAT  GPS LONG   ROLL  PITCH AZIMUT   T IN  PmBARS  T OUT    RH%
   37.1968  -80.5777    0.0    0.0  282.5   36.7   957.6   16.5   68.4                    

   BL# MONTH   DAY  YEAR  HOUR   MIN  VAL1  VAL2  VAL3  VAL4
   573     5    18  2017     4    40     0   202   695     0

  SPU1  SPU2  SPU3  SPU4 NOIS1 NOIS2 NOIS3 NOIS4 FEMAX SOFTW
     2     2     1     0  5105  5701  5101    29   115  9063

  FE11  FE12  FE21  FE22  SNR1  SNR2  SNR3  SNR4 CHECK   JAM
     8     8     8     8    94    94    94     0    62 10100

   ALT    CT SPEED   DIR     W    SW    SU    SV  U'V'  U'W'  ETAM

   140 -9999 -9999 -9999 -9999 -9999 -9999 -9999 -9999 -9999 -9999
   130 -9999 -9999 -9999 -9999 -9999 -9999 -9999 -9999 -9999 -9999
   120 -9999 -9999 -9999 -9999 -9999 -9999 -9999 -9999 -9999 -9999
   110 -9999 -9999 -9999 -9999 -9999 -9999 -9999 -9999 -9999 -9999
   100 -9999 -9999 -9999 -9999 -9999 -9999 -9999 -9999 -9999 -9999
    90 -9999 -9999 -9999 -9999 -9999 -9999 -9999 -9999 -9999 -9999
    80 -9999 -9999 -9999 -9999 -9999 -9999 -9999 -9999 -9999 -9999
    70 -9999 -9999 -9999 -9999 -9999 -9999 -9999 -9999 -9999 -9999
    60 -9999 -9999 -9999 -9999 -9999 -9999 -9999 -9999 -9999 -9999
    50 -9999 -9999 -9999 -9999 -9999 -9999 -9999 -9999 -9999 -9999
    40 -9999 -9999 -9999 -9999 -9999 -9999 -9999 -9999 -9999 -9999
    30 -9999 -9999 -9999 -9999 -9999 -9999 -9999 -9999 -9999 -9999
    20 -9999 -9999 -9999 -9999 -9999 -9999 -9999 -9999 -9999 -9999
    10 -9999 -9999 -9999 -9999 -9999 -9999 -9999 -9999 -9999 -9999
$

   GPS LAT  GPS LONG   ROLL  PITCH AZIMUT   T IN  PmBARS  T OUT    RH%
   37.1968  -80.5777    0.0    0.0  282.2   36.5   957.6   16.8   67.2                    

   BL# MONTH   DAY  YEAR  HOUR   MIN  VAL1  VAL2  VAL3  VAL4
   573     5    18  2017     4    50     0    65   623     0

  SPU1  SPU2  SPU3  SPU4 NOIS1 NOIS2 NOIS3 NOIS4 FEMAX SOFTW
     1     2     1     0  6711  5105  5002    29   115  9063

  FE11  FE12  FE21  FE22  SNR1  SNR2  SNR3  SNR4 CHECK   JAM
     8     8     8     8    91    93    94     0    56 10100

   ALT    CT SPEED   DIR     W    SW    SU    SV  U'V'  U'W'  ETAM

   140 -9999 -9999 -9999 -9999 -9999 -9999 -9999 -9999 -9999 -9999
   130 -9999 -9999 -9999 -9999 -9999 -9999 -9999 -9999 -9999 -9999
   120 -9999 -9999 -9999 -9999 -9999 -9999 -9999 -9999 -9999 -9999
   110 -9999 -9999 -9999 -9999 -9999 -9999 -9999 -9999 -9999 -9999
   100 -9999 -9999 -9999 -9999 -9999 -9999 -9999 -9999 -9999 -9999
    90 -9999 -9999 -9999 -9999 -9999 -9999 -9999 -9999 -9999 -9999
    80 -9999 -9999 -9999 -9999 -9999 -9999 -9999 -9999 -9999 -9999
    70 -9999 -9999 -9999 -9999 -9999 -9999 -9999 -9999 -9999 -9999
    60 -9999 -9999 -9999 -9999 -9999 -9999 -9999 -9999 -9999 -9999
    50 -9999 -9999 -9999 -9999 -9999 -9999 -9999 -9999 -9999 -9999
    40 -9999 -9999 -9999 -9999 -9999 -9999 -9999 -9999 -9999 -9999
    30 -9999 -9999 -9999 -9999 -9999 -9999 -9999 -9999 -9999 -9999
    20 -9999 -9999 -9999 -9999 -9999 -9999 -9999 -9999 -9999 -9999
    10 -9999 -9999 -9999 -9999 -9999 -9999 -9999 -9999 -9999 -9999
$

   GPS LAT  GPS LONG   ROLL  PITCH AZIMUT   T IN  PmBARS  T OUT    RH%
   37.1968  -80.5777    0.0    0.0  282.5   36.6   957.7   16.6   68.7                    

   BL# MONTH   DAY  YEAR  HOUR   MIN  VAL1  VAL2  VAL3  VAL4
   573     5    18  2017     5     0     0     0   575     0

  SPU1  SPU2  SPU3  SPU4 NOIS1 NOIS2 NOIS3 NOIS4 FEMAX SOFTW
     1     2     1     0  6408  5204  5201    29   115  9063

  FE11  FE12  FE21  FE22  SNR1  SNR2  SNR3  SNR4 CHECK   JAM
     8     8     8     8    91    93    94     0    57 10100

   ALT    CT SPEED   DIR     W    SW    SU    SV  U'V'  U'W'  ETAM

   140 -9999 -9999 -9999 -9999 -9999 -9999 -9999 -9999 -9999 -9999
   130 -9999 -9999 -9999 -9999 -9999 -9999 -9999 -9999 -9999 -9999
   120 -9999 -9999 -9999 -9999 -9999 -9999 -9999 -9999 -9999 -9999
   110 -9999 -9999 -9999 -9999 -9999 -9999 -9999 -9999 -9999 -9999
   100 -9999 -9999 -9999 -9999 -9999 -9999 -9999 -9999 -9999 -9999
    90 -9999 -9999 -9999 -9999 -9999 -9999 -9999 -9999 -9999 -9999
    80 -9999 -9999 -9999 -9999 -9999 -9999 -9999 -9999 -9999 -9999
    70 -9999 -9999 -9999 -9999 -9999 -9999 -9999 -9999 -9999 -9999
    60 -9999 -9999 -9999 -9999 -9999 -9999 -9999 -9999 -9999 -9999
    50 -9999 -9999 -9999 -9999 -9999 -9999 -9999 -9999 -9999 -9999
    40 -9999 -9999 -9999 -9999 -9999 -9999 -9999 -9999 -9999 -9999
    30 -9999 -9999 -9999 -9999 -9999 -9999 -9999 -9999 -9999 -9999
    20 -9999 -9999 -9999 -9999 -9999 -9999 -9999 -9999 -9999 -9999
    10 -9999 -9999 -9999 -9999 -9999 -9999 -9999 -9999 -9999 -9999
$

   GPS LAT  GPS LONG   ROLL  PITCH AZIMUT   T IN  PmBARS  T OUT    RH%
   37.1968  -80.5777    0.0    0.0  282.2   36.4   957.6   16.4   65.9                    

   BL# MONTH   DAY  YEAR  HOUR   MIN  VAL1  VAL2  VAL3  VAL4
   573     5    18  2017     5    10     0     0   107     0

  SPU1  SPU2  SPU3  SPU4 NOIS1 NOIS2 NOIS3 NOIS4 FEMAX SOFTW
     1     0     0     0  5705  5106  5601    29   115  9063

  FE11  FE12  FE21  FE22  SNR1  SNR2  SNR3  SNR4 CHECK   JAM
     8     8     8     8    93    92    94     0    58 10100

   ALT    CT SPEED   DIR     W    SW    SU    SV  U'V'  U'W'  ETAM

   140 -9999 -9999 -9999 -9999 -9999 -9999 -9999 -9999 -9999 -9999
   130 -9999 -9999 -9999 -9999 -9999 -9999 -9999 -9999 -9999 -9999
   120 -9999 -9999 -9999 -9999 -9999 -9999 -9999 -9999 -9999 -9999
   110 -9999 -9999 -9999 -9999 -9999 -9999 -9999 -9999 -9999 -9999
   100 -9999 -9999 -9999 -9999 -9999 -9999 -9999 -9999 -9999 -9999
    90 -9999 -9999 -9999 -9999 -9999 -9999 -9999 -9999 -9999 -9999
    80 -9999 -9999 -9999 -9999 -9999 -9999 -9999 -9999 -9999 -9999
    70 -9999 -9999 -9999 -9999 -9999 -9999 -9999 -9999 -9999 -9999
    60 -9999 -9999 -9999 -9999 -9999 -9999 -9999 -9999 -9999 -9999
    50 -9999 -9999 -9999 -9999 -9999 -9999 -9999 -9999 -9999 -9999
    40 -9999 -9999 -9999 -9999 -9999 -9999 -9999 -9999 -9999 -9999
    30 -9999 -9999 -9999 -9999 -9999 -9999 -9999 -9999 -9999 -9999
    20 -9999 -9999 -9999 -9999 -9999 -9999 -9999 -9999 -9999 -9999
    10 -9999 -9999 -9999 -9999 -9999 -9999 -9999 -9999 -9999 -9999
$

   GPS LAT  GPS LONG   ROLL  PITCH AZIMUT   T IN  PmBARS  T OUT    RH%
   37.1968  -80.5777    0.0    0.0  282.5   36.5   957.7   16.0   69.8                    

   BL# MONTH   DAY  YEAR  HOUR   MIN  VAL1  VAL2  VAL3  VAL4
   573     5    18  2017     5    20     0     0    61     0

  SPU1  SPU2  SPU3  SPU4 NOIS1 NOIS2 NOIS3 NOIS4 FEMAX SOFTW
     1     1     0     0  5105  5305  4901    29   115  9063

  FE11  FE12  FE21  FE22  SNR1  SNR2  SNR3  SNR4 CHECK   JAM
     8     8     8     8    93    93    93     0    57 10100

   ALT    CT SPEED   DIR     W    SW    SU    SV  U'V'  U'W'  ETAM

   140 -9999 -9999 -9999 -9999 -9999 -9999 -9999 -9999 -9999 -9999
   130 -9999 -9999 -9999 -9999 -9999 -9999 -9999 -9999 -9999 -9999
   120 -9999 -9999 -9999 -9999 -9999 -9999 -9999 -9999 -9999 -9999
   110 -9999 -9999 -9999 -9999 -9999 -9999 -9999 -9999 -9999 -9999
   100 -9999 -9999 -9999 -9999 -9999 -9999 -9999 -9999 -9999 -9999
    90 -9999 -9999 -9999 -9999 -9999 -9999 -9999 -9999 -9999 -9999
    80 -9999 -9999 -9999 -9999 -9999 -9999 -9999 -9999 -9999 -9999
    70 -9999 -9999 -9999 -9999 -9999 -9999 -9999 -9999 -9999 -9999
    60 -9999 -9999 -9999 -9999 -9999 -9999 -9999 -9999 -9999 -9999
    50 -9999 -9999 -9999 -9999 -9999 -9999 -9999 -9999 -9999 -9999
    40 -9999 -9999 -9999 -9999 -9999 -9999 -9999 -9999 -9999 -9999
    30 -9999 -9999 -9999 -9999 -9999 -9999 -9999 -9999 -9999 -9999
    20 -9999 -9999 -9999 -9999 -9999 -9999 -9999 -9999 -9999 -9999
    10 -9999 -9999 -9999 -9999 -9999 -9999 -9999 -9999 -9999 -9999
$

   GPS LAT  GPS LONG   ROLL  PITCH AZIMUT   T IN  PmBARS  T OUT    RH%
   37.1968  -80.5777    0.0    0.0  282.4   36.5   957.9   16.0   69.4                    

   BL# MONTH   DAY  YEAR  HOUR   MIN  VAL1  VAL2  VAL3  VAL4
   573     5    18  2017     5    30     0     0    57     0

  SPU1  SPU2  SPU3  SPU4 NOIS1 NOIS2 NOIS3 NOIS4 FEMAX SOFTW
     1     1     0     0  5403  5504  4800    29   115  9063

  FE11  FE12  FE21  FE22  SNR1  SNR2  SNR3  SNR4 CHECK   JAM
     8     8     8     8    92    94    93     0    56 10100

   ALT    CT SPEED   DIR     W    SW    SU    SV  U'V'  U'W'  ETAM

   140 -9999 -9999 -9999 -9999 -9999 -9999 -9999 -9999 -9999 -9999
   130 -9999 -9999 -9999 -9999 -9999 -9999 -9999 -9999 -9999 -9999
   120 -9999 -9999 -9999 -9999 -9999 -9999 -9999 -9999 -9999 -9999
   110 -9999 -9999 -9999 -9999 -9999 -9999 -9999 -9999 -9999 -9999
   100 -9999 -9999 -9999 -9999 -9999 -9999 -9999 -9999 -9999 -9999
    90 -9999 -9999 -9999 -9999 -9999 -9999 -9999 -9999 -9999 -9999
    80 -9999 -9999 -9999 -9999 -9999 -9999 -9999 -9999 -9999 -9999
    70 -9999 -9999 -9999 -9999 -9999 -9999 -9999 -9999 -9999 -9999
    60 -9999 -9999 -9999 -9999 -9999 -9999 -9999 -9999 -9999 -9999
    50 -9999 -9999 -9999 -9999 -9999 -9999 -9999 -9999 -9999 -9999
    40 -9999 -9999 -9999 -9999 -9999 -9999 -9999 -9999 -9999 -9999
    30 -9999 -9999 -9999 -9999 -9999 -9999 -9999 -9999 -9999 -9999
    20 -9999 -9999 -9999 -9999 -9999 -9999 -9999 -9999 -9999 -9999
    10 -9999 -9999 -9999 -9999 -9999 -9999 -9999 -9999 -9999 -9999
$

   GPS LAT  GPS LONG   ROLL  PITCH AZIMUT   T IN  PmBARS  T OUT    RH%
   37.1968  -80.5777    0.0    0.0  282.4   36.5   958.1   16.1   69.7                    

   BL# MONTH   DAY  YEAR  HOUR   MIN  VAL1  VAL2  VAL3  VAL4
   573     5    18  2017     5    40     0     0    56     0

  SPU1  SPU2  SPU3  SPU4 NOIS1 NOIS2 NOIS3 NOIS4 FEMAX SOFTW
     1     0     0     0  5105  5505  5101    29   115  9063

  FE11  FE12  FE21  FE22  SNR1  SNR2  SNR3  SNR4 CHECK   JAM
     8     8     8     8    92    95    94     0    61 10100

   ALT    CT SPEED   DIR     W    SW    SU    SV  U'V'  U'W'  ETAM

   140 -9999 -9999 -9999 -9999 -9999 -9999 -9999 -9999 -9999 -9999
   130 -9999 -9999 -9999 -9999 -9999 -9999 -9999 -9999 -9999 -9999
   120 -9999 -9999 -9999 -9999 -9999 -9999 -9999 -9999 -9999 -9999
   110 -9999 -9999 -9999 -9999 -9999 -9999 -9999 -9999 -9999 -9999
   100 -9999 -9999 -9999 -9999 -9999 -9999 -9999 -9999 -9999 -9999
    90 -9999 -9999 -9999 -9999 -9999 -9999 -9999 -9999 -9999 -9999
    80 -9999 -9999 -9999 -9999 -9999 -9999 -9999 -9999 -9999 -9999
    70 -9999 -9999 -9999 -9999 -9999 -9999 -9999 -9999 -9999 -9999
    60 -9999 -9999 -9999 -9999 -9999 -9999 -9999 -9999 -9999 -9999
    50 -9999 -9999 -9999 -9999 -9999 -9999 -9999 -9999 -9999 -9999
    40 -9999 -9999 -9999 -9999 -9999 -9999 -9999 -9999 -9999 -9999
    30 -9999 -9999 -9999 -9999 -9999 -9999 -9999 -9999 -9999 -9999
    20 -9999 -9999 -9999 -9999 -9999 -9999 -9999 -9999 -9999 -9999
    10 -9999 -9999 -9999 -9999 -9999 -9999 -9999 -9999 -9999 -9999
$

   GPS LAT  GPS LONG   ROLL  PITCH AZIMUT   T IN  PmBARS  T OUT    RH%
   37.1968  -80.5777    0.0    0.0  282.6   36.5   958.1   16.4   70.0                    

   BL# MONTH   DAY  YEAR  HOUR   MIN  VAL1  VAL2  VAL3  VAL4
   573     5    18  2017     5    50     0     0     9     0

  SPU1  SPU2  SPU3  SPU4 NOIS1 NOIS2 NOIS3 NOIS4 FEMAX SOFTW
     2     1     0     0  5104  5704  4901    29   115  9063

  FE11  FE12  FE21  FE22  SNR1  SNR2  SNR3  SNR4 CHECK   JAM
     8     8     8     8    92    95    94     0    57 10100

   ALT    CT SPEED   DIR     W    SW    SU    SV  U'V'  U'W'  ETAM

   140 -9999 -9999 -9999 -9999 -9999 -9999 -9999 -9999 -9999 -9999
   130 -9999 -9999 -9999 -9999 -9999 -9999 -9999 -9999 -9999 -9999
   120 -9999 -9999 -9999 -9999 -9999 -9999 -9999 -9999 -9999 -9999
   110 -9999 -9999 -9999 -9999 -9999 -9999 -9999 -9999 -9999 -9999
   100 -9999 -9999 -9999 -9999 -9999 -9999 -9999 -9999 -9999 -9999
    90 -9999 -9999 -9999 -9999 -9999 -9999 -9999 -9999 -9999 -9999
    80 -9999 -9999 -9999 -9999 -9999 -9999 -9999 -9999 -9999 -9999
    70 -9999 -9999 -9999 -9999 -9999 -9999 -9999 -9999 -9999 -9999
    60 -9999 -9999 -9999 -9999 -9999 -9999 -9999 -9999 -9999 -9999
    50 -9999 -9999 -9999 -9999 -9999 -9999 -9999 -9999 -9999 -9999
    40 -9999 -9999 -9999 -9999 -9999 -9999 -9999 -9999 -9999 -9999
    30 -9999 -9999 -9999 -9999 -9999 -9999 -9999 -9999 -9999 -9999
    20 -9999 -9999 -9999 -9999 -9999 -9999 -9999 -9999 -9999 -9999
    10 -9999 -9999 -9999 -9999 -9999 -9999 -9999 -9999 -9999 -9999
$

   GPS LAT  GPS LONG   ROLL  PITCH AZIMUT   T IN  PmBARS  T OUT    RH%
   37.1968  -80.5777    0.0    0.0  282.5   36.7   958.2   17.0   68.3                    

   BL# MONTH   DAY  YEAR  HOUR   MIN  VAL1  VAL2  VAL3  VAL4
   573     5    18  2017     6     0     0     0   362     0

  SPU1  SPU2  SPU3  SPU4 NOIS1 NOIS2 NOIS3 NOIS4 FEMAX SOFTW
     2     1     0     0  5204  5905  5202    29   115  9063

  FE11  FE12  FE21  FE22  SNR1  SNR2  SNR3  SNR4 CHECK   JAM
     8     8     8     8    94    94    95     0    59 10100

   ALT    CT SPEED   DIR     W    SW    SU    SV  U'V'  U'W'  ETAM

   140 -9999 -9999 -9999 -9999 -9999 -9999 -9999 -9999 -9999 -9999
   130 -9999 -9999 -9999 -9999 -9999 -9999 -9999 -9999 -9999 -9999
   120 -9999 -9999 -9999 -9999 -9999 -9999 -9999 -9999 -9999 -9999
   110 -9999 -9999 -9999 -9999 -9999 -9999 -9999 -9999 -9999 -9999
   100 -9999 -9999 -9999 -9999 -9999 -9999 -9999 -9999 -9999 -9999
    90 -9999 -9999 -9999 -9999 -9999 -9999 -9999 -9999 -9999 -9999
    80 -9999 -9999 -9999 -9999 -9999 -9999 -9999 -9999 -9999 -9999
    70 -9999 -9999 -9999 -9999 -9999 -9999 -9999 -9999 -9999 -9999
    60 -9999 -9999 -9999 -9999 -9999 -9999 -9999 -9999 -9999 -9999
    50 -9999 -9999 -9999 -9999 -9999 -9999 -9999 -9999 -9999 -9999
    40 -9999 -9999 -9999 -9999 -9999 -9999 -9999 -9999 -9999 -9999
    30 -9999 -9999 -9999 -9999 -9999 -9999 -9999 -9999 -9999 -9999
    20 -9999 -9999 -9999 -9999 -9999 -9999 -9999 -9999 -9999 -9999
    10 -9999 -9999 -9999 -9999 -9999 -9999 -9999 -9999 -9999 -9999
$

   GPS LAT  GPS LONG   ROLL  PITCH AZIMUT   T IN  PmBARS  T OUT    RH%
   37.1968  -80.5777    0.0    0.0  282.5   37.1   958.3   18.9   65.4                    

   BL# MONTH   DAY  YEAR  HOUR   MIN  VAL1  VAL2  VAL3  VAL4
   573     5    18  2017     6    10   229     0   583     0

  SPU1  SPU2  SPU3  SPU4 NOIS1 NOIS2 NOIS3 NOIS4 FEMAX SOFTW
     0     2     0     0  5503  5605  5101    29    91  9063

  FE11  FE12  FE21  FE22  SNR1  SNR2  SNR3  SNR4 CHECK   JAM
     8     9     9     8    94    93    95     0    58 10100

   ALT    CT SPEED   DIR     W    SW    SU    SV  U'V'  U'W'  ETAM

   140 -9999 -9999 -9999 -9999 -9999 -9999 -9999 -9999 -9999 -9999
   130 -9999 -9999 -9999 -9999 -9999 -9999 -9999 -9999 -9999 -9999
   120 -9999 -9999 -9999 -9999 -9999 -9999 -9999 -9999 -9999 -9999
   110 -9999 -9999 -9999 -9999 -9999 -9999 -9999 -9999 -9999 -9999
   100 -9999 -9999 -9999 -9999 -9999 -9999 -9999 -9999 -9999 -9999
    90 -9999 -9999 -9999 -9999 -9999 -9999 -9999 -9999 -9999 -9999
    80 -9999 -9999 -9999 -9999 -9999 -9999 -9999 -9999 -9999 -9999
    70 -9999 -9999 -9999 -9999 -9999 -9999 -9999 -9999 -9999 -9999
    60 -9999 -9999 -9999 -9999 -9999 -9999 -9999 -9999 -9999 -9999
    50 -9999 -9999 -9999 -9999 -9999 -9999 -9999 -9999 -9999 -9999
    40 -9999 -9999 -9999 -9999 -9999 -9999 -9999 -9999 -9999 -9999
    30 -9999 -9999 -9999 -9999 -9999 -9999 -9999 -9999 -9999 -9999
    20 -9999 -9999 -9999 -9999 -9999 -9999 -9999 -9999 -9999 -9999
    10 -9999 -9999 -9999 -9999 -9999 -9999 -9999 -9999 -9999 -9999
$

   GPS LAT  GPS LONG   ROLL  PITCH AZIMUT   T IN  PmBARS  T OUT    RH%
   37.1968  -80.5777    0.0    0.0  282.1   37.9   958.4   22.4   60.6                    

   BL# MONTH   DAY  YEAR  HOUR   MIN  VAL1  VAL2  VAL3  VAL4
   573     5    18  2017     6    20   467    89   963     0

  SPU1  SPU2  SPU3  SPU4 NOIS1 NOIS2 NOIS3 NOIS4 FEMAX SOFTW
     2     1     0     0  5403  5506  5503    29    91  9063

  FE11  FE12  FE21  FE22  SNR1  SNR2  SNR3  SNR4 CHECK   JAM
     8     9     9     8    93   103    95     0    60 10100

   ALT    CT SPEED   DIR     W    SW    SU    SV  U'V'  U'W'  ETAM

   140 -9999 -9999 -9999 -9999 -9999 -9999 -9999 -9999 -9999 -9999
   130   653    27   204    -7     1    25    60     8 -9999     0
   120   443    50   110    -8     1    17    35     9 -9999     0
   110   293    72    99   -13     1     7     8     5    11     0
   100   220    99    94   -11     1    11   -27     6    11     0
    90   179   107    92   -10     1    10   -37     2    10     0
    80   163    82    95   -10     1    11   -56     2     9     0
    70   159    47   109   -10     1    16   -42     0     9     0
    60   169    17   179   -11     1    10   -21     1    10     0
    50   195    37   224   -10     3     9     6     2     7     0
    40   253    53   225    -5     9    10    18     6    12     0
    30   216    64   235    -4    13     6    23     5    17 -9999
    20   159    83   252    -2    15     1    37     3     7 -9999
    10   104   106   254     1    16     1    50     2     7 -9999
$

   GPS LAT  GPS LONG   ROLL  PITCH AZIMUT   T IN  PmBARS  T OUT    RH%
   37.1968  -80.5777    0.0    0.0  282.1   39.0   958.5   23.9   57.0                    

   BL# MONTH   DAY  YEAR  HOUR   MIN  VAL1  VAL2  VAL3  VAL4
   573     5    18  2017     6    30   156    77   920     0

  SPU1  SPU2  SPU3  SPU4 NOIS1 NOIS2 NOIS3 NOIS4 FEMAX SOFTW
     2     1     0     0  5602  5604  5303    29    91  9063

  FE11  FE12  FE21  FE22  SNR1  SNR2  SNR3  SNR4 CHECK   JAM
     8     9     9     8    94   103    95     0    57 10100

   ALT    CT SPEED   DIR     W    SW    SU    SV  U'V'  U'W'  ETAM

   140   600    48   318    -5     1     4    13     1    50 -9999
   130   448    76   333    -6     1    14    33     9    -8 -9999
   120   317    68    18    -7     1    14    14     2   -16 -9999
   110   210    82    34    -5     1     7    16     9   -36 -9999
   100   184    70    43   -12     1     3   -19     6   -29 -9999
    90   187    40    50   -15     1     6   -30     4   -29 -9999
    80   221    15   344   -15     1     9   -25     2   -15 -9999
    70   382    74   323   -14     1     6    -4     1    -1 -9999
    60   499    72   245   -11     1     3    17     2   -36 -9999
    50   566   111   248    -6     1     2    38     3    17 -9999
    40   550    83   247     0     1     5    58     9    13 -9999
    30   423    44   243     7     9     7    20     4     9 -9999
    20   327    34   251    16    16     4    22     0     4 -9999
    10   309    11    82    29    22     4    -6     0     0 -9999
$

   GPS LAT  GPS LONG   ROLL  PITCH AZIMUT   T IN  PmBARS  T OUT    RH%
   37.1968  -80.5777    0.0    0.0  282.2   39.8   958.7   25.6   52.3                    

   BL# MONTH   DAY  YEAR  HOUR   MIN  VAL1  VAL2  VAL3  VAL4
   573     5    18  2017     6    40   324    20  1060     0

  SPU1  SPU2  SPU3  SPU4 NOIS1 NOIS2 NOIS3 NOIS4 FEMAX SOFTW
     1     1     0     0  5602  5705  5202    29    85  9063

  FE11  FE12  FE21  FE22  SNR1  SNR2  SNR3  SNR4 CHECK   JAM
     8     8     9     8    94    93    95     0    57 10100

   ALT    CT SPEED   DIR     W    SW    SU    SV  U'V'  U'W'  ETAM

   140   890    76   206   -17     1    28    76     4    50 -9999
   130   761    79   181   -16     1    14    62     5    13 -9999
   120   612    21   172   -14     2    14    23     5    29 -9999
   110   514    42    10   -10     3     7     6     1    43 -9999
   100   362    50    25   -11     2     9    -1     2     7 -9999
    90   267    43    53   -10     1    10    -9     1   -29 -9999
    80   228    43    62    -7     1    14   -17     1   -15 -9999
    70   200    77    18    -6     1     2   -20     1    -1 -9999
    60   174    55    21    -6     1     2   -16     3   -36 -9999
    50   145    33   137    -6     1     0   -12     2   -23 -9999
    40   102    51   153    -8     1     4    -8     4    28 -9999
    30    74    43   152   -10     1     7    -9     4    19 -9999
    20    83    47   162   -12     8     4    -3     2    20 -9999
    10   140    72   167   -11    26     3    -3     0    34 -9999
$

   GPS LAT  GPS LONG   ROLL  PITCH AZIMUT   T IN  PmBARS  T OUT    RH%
   37.1968  -80.5777    0.0    0.0  281.8   40.8   958.7   26.8   50.9                    

   BL# MONTH   DAY  YEAR  HOUR   MIN  VAL1  VAL2  VAL3  VAL4
   573     5    18  2017     6    50   315    43  1489     0

  SPU1  SPU2  SPU3  SPU4 NOIS1 NOIS2 NOIS3 NOIS4 FEMAX SOFTW
     2     0     0     0  5502  5606  5102    29    85  9063

  FE11  FE12  FE21  FE22  SNR1  SNR2  SNR3  SNR4 CHECK   JAM
     8     8     9     8    94    94    95     0    58 10100

   ALT    CT SPEED   DIR     W    SW    SU    SV  U'V'  U'W'  ETAM

   140   724    47   208   -12     1    22    47     1    50 -9999
   130   581    28   339   -10     1    10    31     3    13 -9999
   120   466    40   301    -8     1    10    16     2    29     2
   110   416    39   226    -5     1     5     0     5   -15     2
   100   361    34   266    -5     1    12    16     5   -13     2
    90   315    57   284    -6     1    22    14     3    19     2
    80   280    79   274    -8     1    11    16     3   -15     2
    70   286   103   305   -11     1     4    38     0    -1     2
    60   281    88   295   -12     1     1    37     0   -36     2
    50   271    73   280   -13     1     7    35     3   -23     3
    40   262    30   254   -12     2     3    32     5    -6     1
    30   216    29   155   -14    13    10    -3     4     9     4
    20   204    50   150   -11    23     8    -5     1    20     6
    10   247    89   136    -2    32     4   -26     1    34 -9999
$

   GPS LAT  GPS LONG   ROLL  PITCH AZIMUT   T IN  PmBARS  T OUT    RH%
   37.1968  -80.5777    0.0    0.0  281.8   41.7   959.0   26.4   51.0                    

   BL# MONTH   DAY  YEAR  HOUR   MIN  VAL1  VAL2  VAL3  VAL4
   573     5    18  2017     7     0   182   145  1455     0

  SPU1  SPU2  SPU3  SPU4 NOIS1 NOIS2 NOIS3 NOIS4 FEMAX SOFTW
     2     0     0     0  5303  5204  5100    29    85  9063

  FE11  FE12  FE21  FE22  SNR1  SNR2  SNR3  SNR4 CHECK   JAM
     8     8     9     8    94    95    96     0    55 10100

   ALT    CT SPEED   DIR     W    SW    SU    SV  U'V'  U'W'  ETAM

   140   563    58   243   -17     1     9    60     1    50 -9999
   130   428    33   244   -15     1    13    38     2    13 -9999
   120   322    26   233   -15     1     7    29     7    10 -9999
   110   284    61   306   -17     1     4    13     5     5 -9999
   100   424    63   292   -18     1     2    10     2     7 -9999
    90   541    58   249   -18     1     6    25     2   -29 -9999
    80   632    66   227   -18     1     9    27     4    -4 -9999
    70   768    40   268   -17     1    16    28     6    24 -9999
    60   859    17   276   -15     1    11    20     3    -3 -9999
    50   893     7    10   -13     3     1     6    12    -2 -9999
    40   826    21    82    -9    11     3    -5    10    -4 -9999
    30   607    39    95    -4    20     4   -16     8     4 -9999
    20   442    50    97     2    27     7   -23     7     5 -9999
    10   392    65   107    12    32     2   -28     2    13 -9999
$

   GPS LAT  GPS LONG   ROLL  PITCH AZIMUT   T IN  PmBARS  T OUT    RH%
   37.1968  -80.5777    0.0    0.0  281.9   42.2   959.0   24.6   56.6                    

   BL# MONTH   DAY  YEAR  HOUR   MIN  VAL1  VAL2  VAL3  VAL4
   573     5    18  2017     7    10   238   113  1441     0

  SPU1  SPU2  SPU3  SPU4 NOIS1 NOIS2 NOIS3 NOIS4 FEMAX SOFTW
     2     1     0     0  5104  5205  5403    29    92  9063

  FE11  FE12  FE21  FE22  SNR1  SNR2  SNR3  SNR4 CHECK   JAM
     8     8     8     8   104    95    96     0    59 10100

   ALT    CT SPEED   DIR     W    SW    SU    SV  U'V'  U'W'  ETAM

   140   745    82   263   -12     1     5    93     2    50 -9999
   130   612    51   250   -13     1    16    71     5    13 -9999
   120   456    34   161   -14     1    21    42     4    -4 -9999
   110   292    53   174   -11     1     9    26    10     3 -9999
   100   266    99   172   -12     1     5    -8     6    17 -9999
    90   350    99   167   -11     1     2     3     4    28 -9999
    80   520    37   148   -10     1     3    -2     6    63 -9999
    70   560     9    96    -8     1     2    -8     7    21 -9999
    60   533    19    33    -6     1     8    -4     6     0 -9999
    50   459    11    60    -5     1    10    -6     7   -10 -9999
    40   345    13    31    -4     2    10    -4    12     0 -9999
    30   231    18    28    -4     8     9    -3     9   -11 -9999
    20   194    17    82     0    17     7   -11     6     1 -9999
    10   264    17   338     9    28     3     2     8    -8 -9999
$

   GPS LAT  GPS LONG   ROLL  PITCH AZIMUT   T IN  PmBARS  T OUT    RH%
   37.1968  -80.5777    0.0    0.0  282.0   42.2   959.2   23.2   59.6                    

   BL# MONTH   DAY  YEAR  HOUR   MIN  VAL1  VAL2  VAL3  VAL4
   573     5    18  2017     7    20   192    65  1173     0

  SPU1  SPU2  SPU3  SPU4 NOIS1 NOIS2 NOIS3 NOIS4 FEMAX SOFTW
     1     1     0     0  5104  5404  5201    29    92  9063

  FE11  FE12  FE21  FE22  SNR1  SNR2  SNR3  SNR4 CHECK   JAM
     8     8     8     8   103    93    95     0    55 10100

   ALT    CT SPEED   DIR     W    SW    SU    SV  U'V'  U'W'  ETAM

   140   375    72   255   -13     2    13    30     1 -9999 -9999
   130   370    61   254   -13     5     7    33     2 -9999 -9999
   120   364    51   253   -12     8     5    35     2     4 -9999
   110   320    32   251   -10     4     6    30     1     3 -9999
   100   324     9   199   -11     2    11    23     1     4 -9999
    90   344    12   127   -12     1     3    12     3     3 -9999
    80   372     5   199   -14     1     4    -7     0     5 -9999
    70   352    20   140   -15     2     3     2     5     1 -9999
    60   320    16    42   -16     3     6    -6     2     9 -9999
    50   280    21   119   -16     5    10    -7     6    -8 -9999
    40   232    23   177   -14    11     5    -9     8    11 -9999
    30   159    40   215   -15    12     2    12     3    12 -9999
    20   150    48   217   -11    16     3    15     4    21 -9999
    10   244    40   268    -2    28     0    19     4    -2 -9999
$

   GPS LAT  GPS LONG   ROLL  PITCH AZIMUT   T IN  PmBARS  T OUT    RH%
   37.1968  -80.5777    0.0    0.0  281.9   42.2   959.1   22.6   62.0                    

   BL# MONTH   DAY  YEAR  HOUR   MIN  VAL1  VAL2  VAL3  VAL4
   573     5    18  2017     7    30   189   173  1408     0

  SPU1  SPU2  SPU3  SPU4 NOIS1 NOIS2 NOIS3 NOIS4 FEMAX SOFTW
     1     1     0     0  5303  5802  5101    29    92  9063

  FE11  FE12  FE21  FE22  SNR1  SNR2  SNR3  SNR4 CHECK   JAM
     8     8     8     8   103    93    95     0    56 10100

   ALT    CT SPEED   DIR     W    SW    SU    SV  U'V'  U'W'  ETAM

   140   436    90   293    -7    12     5    91     2    50   104
   130   460    86   249    -8    14    10    77     6    13   144
   120   485    87   254    -8    17     6    35     2   -32   139
   110   499    59   264    -9    18     5    40     7    11    19
   100   462    36   298   -11    17     7    41     8     6     4
    90   410    37   339   -13    14     4    22    10    -3     3
    80   356    34   348   -14     9     9     6    11   -16     2
    70   380    27   285   -14     6     7    -2    10   -19     1
    60   369    36   307   -15     8     3    14     3    -3    13
    50   353    39   323   -15    11     6    13     5   -13    24
    40   380    54    13   -11     6     8     7     8   -18     0
    30   284    88    36    -9     9    11   -24     5   -29 -9999
    20   237   107    46    -8    17     4   -39     4   -30 -9999
    10   297   122    50    -8    29    10   -49     2   -31 -9999
$

   GPS LAT  GPS LONG   ROLL  PITCH AZIMUT   T IN  PmBARS  T OUT    RH%
   37.1968  -80.5777    0.0   -0.1  281.7   42.3   959.3   23.5   60.1                    

   BL# MONTH   DAY  YEAR  HOUR   MIN  VAL1  VAL2  VAL3  VAL4
   573     5    18  2017     7    40   423   100  1355     0

  SPU1  SPU2  SPU3  SPU4 NOIS1 NOIS2 NOIS3 NOIS4 FEMAX SOFTW
     1     1     1     0  5702  5205  5102    29   153  9063

  FE11  FE12  FE21  FE22  SNR1  SNR2  SNR3  SNR4 CHECK   JAM
     8     8     8     8    93    93    95     0    56 10100

   ALT    CT SPEED   DIR     W    SW    SU    SV  U'V'  U'W'  ETAM

   140   327    70   199   -18    13     4    15     0    32 -9999
   130   317    82   184   -16     6     2    12     2    36 -9999
   120   338    54   236   -14     1     3    18     3    29 -9999
   110   419    58   303   -14     1     6     6     0    43 -9999
   100   508    45   339   -13     1     1    26     3     7 -9999
    90   635    39    33   -13     1     8    19     0   -29 -9999
    80   790    47    50   -15     1     9    -8     2   -15 -9999
    70   782    43    59   -16     1    22   -20     6   -14 -9999
    60   725    49    70   -19     4    28   -19    10    -8 -9999
    50   620    60    70   -21    10    28   -23     8    -4 -9999
    40   442    71    63   -21    18    25   -29     8    -7 -9999
    30   295    98    63   -21    24    17   -33     7   -14 -9999
    20   227   144    69   -20    29     9   -66     3   -16 -9999
    10   259   154    70   -19    31     4   -72     3   -15 -9999
$

   GPS LAT  GPS LONG   ROLL  PITCH AZIMUT   T IN  PmBARS  T OUT    RH%
   37.1968  -80.5777    0.0    0.0  281.4   42.9   959.3   23.6   61.4                    

   BL# MONTH   DAY  YEAR  HOUR   MIN  VAL1  VAL2  VAL3  VAL4
   573     5    18  2017     7    50   541   107  1541     0

  SPU1  SPU2  SPU3  SPU4 NOIS1 NOIS2 NOIS3 NOIS4 FEMAX SOFTW
     0     1     0     0  5402  5104  5503    29   153  9063

  FE11  FE12  FE21  FE22  SNR1  SNR2  SNR3  SNR4 CHECK   JAM
     8     8     8     8    95    93    96     0    57 10100

   ALT    CT SPEED   DIR     W    SW    SU    SV  U'V'  U'W'  ETAM

   140   329    84   227   -18     1     9    76     3    50 -9999
   130   325    32   258   -16     1     8    71     2    13 -9999
   120   330    64   155   -14     1     6    38     3    29 -9999
   110   331    96   161   -12     1     3    16     1    -3 -9999
   100   447   105   156   -13     1     3   -15     5    34 -9999
    90   612    78   145   -14     2    10    -8     4    50 -9999
    80   802    25   106   -14     3    14   -19     2    46 -9999
    70   824    41    16   -12     8    40   -12     4    10 -9999
    60   755    19     5   -10    12    42    -8     5   -22 -9999
    50   634    13    64    -6    15    29    -1     3    -8 -9999
    40   503    12   127     1    19    23    -8     8     1 -9999
    30   348     0   217     3    22    12    -1     8     7 -9999
    20   265    29   348     3    25     8     0     0   -13 -9999
    10   292    45   344     2    28     4     3     1   -21 -9999
$

   GPS LAT  GPS LONG   ROLL  PITCH AZIMUT   T IN  PmBARS  T OUT    RH%
   37.1968  -80.5777    0.0   -0.1  281.6   43.4   959.3   24.0   61.2                    

   BL# MONTH   DAY  YEAR  HOUR   MIN  VAL1  VAL2  VAL3  VAL4
   573     5    18  2017     8     0   264   118  1341     0

  SPU1  SPU2  SPU3  SPU4 NOIS1 NOIS2 NOIS3 NOIS4 FEMAX SOFTW
     0     1     0     0  5502  5404  6301    29   153  9063

  FE11  FE12  FE21  FE22  SNR1  SNR2  SNR3  SNR4 CHECK   JAM
     8     8     8     8    95    94    94     0    62 10100

   ALT    CT SPEED   DIR     W    SW    SU    SV  U'V'  U'W'  ETAM

   140   301    81   211   -17     1     7    22     0    21     0
   130   249    98   207   -18     1     6    21     2    13     0
   120   223    54   236   -19     1    11    24     3    29     0
   110   248    57   304   -18     1     8    27     3    43     0
   100   313    55   315   -19     5     5    23     0     7     0
    90   406    28   310   -20     8     7    18     1   -29     0
    80   528     5   289   -20    10     9    14     2   -15     0
    70   683     9   276   -20     9    17     1     1    -1     0
    60   708    12   307   -19    10    20     4     4     0     1
    50   652    21   307   -18    12    28     4    10    -4     3
    40   554    39   316   -16    13    26     9    12    -9     2
    30   350    58   326   -11    19    18    13     8   -21     4
    20   213    68   334    -6    25    10    12     9   -34     5
    10   202    42   346    -3    31     5     2     5   -20 -9999
$

   GPS LAT  GPS LONG   ROLL  PITCH AZIMUT   T IN  PmBARS  T OUT    RH%
   37.1968  -80.5777    0.0   -0.1  281.6   44.0   959.4   24.5   60.4                    

   BL# MONTH   DAY  YEAR  HOUR   MIN  VAL1  VAL2  VAL3  VAL4
   573     5    18  2017     8    10    34    56   252     0

  SPU1  SPU2  SPU3  SPU4 NOIS1 NOIS2 NOIS3 NOIS4 FEMAX SOFTW
     1     0     0     0  5603  5105  5601    29   132  9063

  FE11  FE12  FE21  FE22  SNR1  SNR2  SNR3  SNR4 CHECK   JAM
     8     8     8     8    95    94    95     0    56 10100

   ALT    CT SPEED   DIR     W    SW    SU    SV  U'V'  U'W'  ETAM

   140   320    58    22    -4     1     2   -11     2   -20 -9999
   130   150    60    21    -5     1     4   -12     2   -22 -9999
   120   143    54    23    -9     2     7   -13     0   -24 -9999
   110   103    66    23   -18     4     3   -15     2   -26 -9999
   100    93    51    22   -19     4     2   -12     2   -22 -9999
    90   124    24    23   -18     7     6   -17     3   -29 -9999
    80   189     5   145   -16    12     3    -8     2   -15 -9999
    70   197    30   184   -17     4     4    -2     4    -1 -9999
    60   253    38   199   -16     6     0     3     4    15 -9999
    50   304    43   211   -14    10     3     9     3    17 -9999
    40   270    44   227   -15     9     4    14     6    15 -9999
    30   210    47   241   -11    15     3    20     4    10 -9999
    20   221    51   250    -6    21     7    21     3     4 -9999
    10   339    78   254     2    26     2    37     3     5 -9999
$

   GPS LAT  GPS LONG   ROLL  PITCH AZIMUT   T IN  PmBARS  T OUT    RH%
   37.1968  -80.5777    0.0   -0.1  281.5   44.6   959.4   25.3   55.4                    

   BL# MONTH   DAY  YEAR  HOUR   MIN  VAL1  VAL2  VAL3  VAL4
   573     5    18  2017     8    20   238   145   618     0

  SPU1  SPU2  SPU3  SPU4 NOIS1 NOIS2 NOIS3 NOIS4 FEMAX SOFTW
     2     0     1     0  5402  5905  5500    29   132  9063

  FE11  FE12  FE21  FE22  SNR1  SNR2  SNR3  SNR4 CHECK   JAM
     8     8     8     8    95    92    94     0    56 10100

   ALT    CT SPEED   DIR     W    SW    SU    SV  U'V'  U'W'  ETAM

   140  1365   120   166   -15     1     3    -5     3    56 -9999
   130   787   105   173   -15     1     3    -2     0    53 -9999
   120   297   147   159   -15     1     6    -8     3    59 -9999
   110   359   149   159   -13     1     6     3     4    47 -9999
   100   349   143   161   -13     1    12   -19     4    72 -9999
    90   333   123   163   -11     4     9   -16    11    69 -9999
    80   318    85   162    -6     9    13   -11     3    66 -9999
    70   321    44   147    -3    15     9    -7     6    46 -9999
    60   306    12   203    -1    17    11   -11     7    19 -9999
    50   281    13   343     0    17    20     6     7     2 -9999
    40   255    31   324     3    17    15    -1     9   -11 -9999
    30   198    45   318     4    17     7    16    12   -17 -9999
    20   155    47   344     6    19     9     6     2   -20 -9999
    10   141    70     8     9    21     2    -9     2   -32 -9999
$

   GPS LAT  GPS LONG   ROLL  PITCH AZIMUT   T IN  PmBARS  T OUT    RH%
   37.1968  -80.5777    0.0   -0.1  281.2   45.3   959.4   25.9   57.1                    

   BL# MONTH   DAY  YEAR  HOUR   MIN  VAL1  VAL2  VAL3  VAL4
   573     5    18  2017     8    30   602   217   795     0

  SPU1  SPU2  SPU3  SPU4 NOIS1 NOIS2 NOIS3 NOIS4 FEMAX SOFTW
     2     0     1     0  5402  5105  5101    29   132  9063

  FE11  FE12  FE21  FE22  SNR1  SNR2  SNR3  SNR4 CHECK   JAM
     8     8     8     8    95    93    95     0    56 10100

   ALT    CT SPEED   DIR     W    SW    SU    SV  U'V'  U'W'  ETAM

   140   251   251   204   -11     1     5    63     4    95     0
   130   251   238   201   -15     1    14    72     6    89     0
   120   259   200   193   -19     1    17    67    11   101     0
   110   281   157   185   -21     3    14    57     5   101     0
   100   263   112   189   -24     2    17    30    10    88     0
    90   232    91   201   -25     1    20    11     9    66     0
    80   198   103   205   -26     1    30    19    10    36     0
    70   225   132   211   -30     1    20    24     7    37     0
    60   244   129   208   -31     7    28    41     7    50     0
    50   251   104   206   -32    14    26    37     6    51     1
    40   233    64   210   -35    17    26    24     3    37     1
    30   187    42   221   -28    21    21    14     5    13     3
    20   140    39   240   -20    27    19    16     6    17     5
    10   101    82   323   -12    37     5    19     2   -34 -9999
$

   GPS LAT  GPS LONG   ROLL  PITCH AZIMUT   T IN  PmBARS  T OUT    RH%
   37.1968  -80.5777    0.0   -0.1  281.3   45.9   959.4   27.3   55.7                    

   BL# MONTH   DAY  YEAR  HOUR   MIN  VAL1  VAL2  VAL3  VAL4
   573     5    18  2017     8    40   431   372  1083     0

  SPU1  SPU2  SPU3  SPU4 NOIS1 NOIS2 NOIS3 NOIS4 FEMAX SOFTW
     2     1     1     0  5204  5404  5101    29   225  9063

  FE11  FE12  FE21  FE22  SNR1  SNR2  SNR3  SNR4 CHECK   JAM
     8     8     8     8    95    95    95     0    55 10100

   ALT    CT SPEED   DIR     W    SW    SU    SV  U'V'  U'W'  ETAM

   140   307   148   254   -12    22     7    88    10    37    50
   130   261    74   259   -13    20    10    88     7    25     4
   120   231     5   289   -18    15    19    81     7    12     3
   110   237    15    98   -29     7    16    38     8     2     2
   100   234    11   225   -38     3     7    -4    10    -2     2
    90   236    28   253   -43     1    15   -10    11     3     1
    80   244    28   235   -46     1    14    13    13     2     0
    70   272    48   206   -51     1    25    11    20     1     0
    60   277    53   174   -54     3    25    14    19    20    -1
    50   261    62   190   -57     7    21    -1     9    26    -1
    40   219    64   199   -58    14    25    14    13    30     1
    30   145    66   207   -55    19    17    14    17    25 -9999
    20   120    72   210   -49    26    10    30    10    31 -9999
    10   171    42   127   -38    34     2   -15     5    14 -9999
$

   GPS LAT  GPS LONG   ROLL  PITCH AZIMUT   T IN  PmBARS  T OUT    RH%
   37.1969  -80.5777    0.0   -0.1  281.0   46.5   959.3   27.1   54.2                    

   BL# MONTH   DAY  YEAR  HOUR   MIN  VAL1  VAL2  VAL3  VAL4
   573     5    18  2017     8    50   549   377   807     0

  SPU1  SPU2  SPU3  SPU4 NOIS1 NOIS2 NOIS3 NOIS4 FEMAX SOFTW
     1     1     0     0  5303  5304  5301    29   225  9063

  FE11  FE12  FE21  FE22  SNR1  SNR2  SNR3  SNR4 CHECK   JAM
     8     8     8     8   105    95    96     0    56 10100

   ALT    CT SPEED   DIR     W    SW    SU    SV  U'V'  U'W'  ETAM

   140   223   276   219   -11    35     2    97     7    68    17
   130   199   254   214    -5    37    12    92     6    76    39
   120   182   247   210     0    36     9   102     9    91    43
   110   176   218   206     1    32    14    82    14    90     9
   100   204   173   209     1    23    10    71    14    95     6
    90   228   140   211     1    17    25    54    14    84     5
    80   258   121   209     3    13    21    46    19    53     2
    70   389    85   218     4     4    35    37    21    51     1
    60   451    69   227     5     8    41    29    19    27     5
    50   463    53   253     5    16    34    26    16    17    14
    40   420    21   268     6    21    43    25    16    -1    36
    30   317    11   172     1    29    20    -4    27    -1    25
    20   277    31   214    -3    36    14     5    10    19    15
    10   339    75   300    -5    41     5    28     7   -22 -9999
$

   GPS LAT  GPS LONG   ROLL  PITCH AZIMUT   T IN  PmBARS  T OUT    RH%
   37.1969  -80.5777    0.1   -0.1  281.2   47.0   959.6   27.5   54.4                    

   BL# MONTH   DAY  YEAR  HOUR   MIN  VAL1  VAL2  VAL3  VAL4
   573     5    18  2017     9     0   339   344   730     0

  SPU1  SPU2  SPU3  SPU4 NOIS1 NOIS2 NOIS3 NOIS4 FEMAX SOFTW
     1     1     0     0  5204  5606  5301    29   225  9063

  FE11  FE12  FE21  FE22  SNR1  SNR2  SNR3  SNR4 CHECK   JAM
     8     8     8     8   103    93    95     0    56 10100

   ALT    CT SPEED   DIR     W    SW    SU    SV  U'V'  U'W'  ETAM

   140   310   206   189    39    41     3    29     6    77 -9999
   130   343   220   193    40    40     5    34     4    85 -9999
   120   371   182   179    39    40     6    25     4    93 -9999
   110   390   163   179    34    39     6    43     4   101 -9999
   100   435   141   175    32    39    11     7     8    85 -9999
    90   447   125   164    27    38    16    12    10    73 -9999
    80   431   120   154    20    36    16    -3    17    61 -9999
    70   434   128   142    20    30    20   -14    18    54 -9999
    60   400   173   156    17    29    21   -32    22    49 -9999
    50   371   155   159    15    31    27   -23    25    84 -9999
    40   400   167   165    15    36    30   -13    31    68 -9999
    30   323   154   167    11    42    20    -7    37    89 -9999
    20   257   101   168     8    45     7   -11    17    41 -9999
    10   231   169   193     8    45     1    29     4    75 -9999
$

   GPS LAT  GPS LONG   ROLL  PITCH AZIMUT   T IN  PmBARS  T OUT    RH%
   37.1969  -80.5777    0.1   -0.1  281.0   47.5   959.6   27.7   53.7                    

   BL# MONTH   DAY  YEAR  HOUR   MIN  VAL1  VAL2  VAL3  VAL4
   573     5    18  2017     9    10   120   206   493     0

  SPU1  SPU2  SPU3  SPU4 NOIS1 NOIS2 NOIS3 NOIS4 FEMAX SOFTW
     1     1     0     0  5205  5504  6003    29   256  9063

  FE11  FE12  FE21  FE22  SNR1  SNR2  SNR3  SNR4 CHECK   JAM
     8     8     8     8   102    92    85     0    66 10095

   ALT    CT SPEED   DIR     W    SW    SU    SV  U'V'  U'W'  ETAM

   140   779   211   166    16    41     0   -12     1   116     5
   130   414   199   166    15    43     2   -11     3   109     5
   120   143   186   165    15    43     2   -11     1   101     5
   110   162   173   166    20    39     4   -10     0    94     5
   100   171   162   163    28    31     2   -11     0    87     5
    90   181   148   165    32    28     1    -8     3    80     4
    80   195   137   171    32    27     1   -15     1    73     4
    70   227   132   170    25    28     9    -1    11    65     5
    60   235   148   184    23    27     8    -4    13    62     3
    50   221   132   190    21    27    14    18    22    70     3
    40   180   126   190    16    29    10    21    27    56    15
    30   124   103   184    15    31    12    16    22    58    10
    20    93    57   168    10    33     6    -1     5    28     6
    10   100    46   154     0    32     3    -8     5    21 -9999
$

   GPS LAT  GPS LONG   ROLL  PITCH AZIMUT   T IN  PmBARS  T OUT    RH%
   37.1969  -80.5777    0.1   -0.2  280.8   47.6   959.6   27.2   55.7                    

   BL# MONTH   DAY  YEAR  HOUR   MIN  VAL1  VAL2  VAL3  VAL4
   573     5    18  2017     9    20   143   211   562     0

  SPU1  SPU2  SPU3  SPU4 NOIS1 NOIS2 NOIS3 NOIS4 FEMAX SOFTW
     1     1     0     0  6109  5303  5401    29   256  9063

  FE11  FE12  FE21  FE22  SNR1  SNR2  SNR3  SNR4 CHECK   JAM
     8     8     8     8    93   103    95     0    56 10091

   ALT    CT SPEED   DIR     W    SW    SU    SV  U'V'  U'W'  ETAM

   140    94   214   198    -5    31     2    41     2   102 -9999
   130   143   209   200    -8    29     1    39     4    97    21
   120   208   196   197   -10    29     1    43     3    93    20
   110   281   217   202   -10    35     1    47     2    89    18
   100   288   188   196   -14    36     0    39     5    84    19
    90   290   139   187   -16    37     3    56     3    93    21
    80   299    96   182   -18    38     4    21     5    75    23
    70   364    86   175   -15    39     9     9    15    46    21
    60   519   105   159   -14    39     7     3    15    40    26
    50   673    90   147   -13    40     6   -13    13    51    31
    40   713   102   140    -9    45     8   -20    16    34    22
    30   554   118   135    -6    48    12   -31    15    48   143
    20   415   126   129     0    49    10   -38     8    35   227
    10   356   206   138    11    48     2   -55     6    81 -9999
$

   GPS LAT  GPS LONG   ROLL  PITCH AZIMUT   T IN  PmBARS  T OUT    RH%
   37.1969  -80.5777    0.1   -0.1  281.1   47.9   959.5   28.2   55.9                    

   BL# MONTH   DAY  YEAR  HOUR   MIN  VAL1  VAL2  VAL3  VAL4
   573     5    18  2017     9    30   193   399   992     0

  SPU1  SPU2  SPU3  SPU4 NOIS1 NOIS2 NOIS3 NOIS4 FEMAX SOFTW
     1     1     0     0  5503  5204  5101    29   256  9063

  FE11  FE12  FE21  FE22  SNR1  SNR2  SNR3  SNR4 CHECK   JAM
     8     8     8     8    92   104    96     0    55 10095

   ALT    CT SPEED   DIR     W    SW    SU    SV  U'V'  U'W'  ETAM

   140   195   189   134     2    27     3   -49     2    76    12
   130   245   187   133     1    30     1   -52     0    74    13
   120   291   178   134     0    31     1   -55     3    71    14
   110   326   184   136     0    30     1   -58     3    69    15
   100   398   174   147     9    37     6   -52    10    66    16
    90   453   174   159    14    42     7   -51    12    72    16
    80   490   183   163    15    46     4   -22    16    78    15
    70   519   195   153    16    49    12    -9    17    86    18
    60   581   188   156    17    53    14   -31    20    89    52
    50   628   195   143    20    56    16   -22    22    86    82
    40   595   184   145    26    52    18   -55    35    79    62
    30   487   181   154    25    49     9   -27    25    76    61
    20   381   204   157    21    50    11   -27     8    95    62
    10   296   195   160    14    56     2   -19     6    91 -9999
$

   GPS LAT  GPS LONG   ROLL  PITCH AZIMUT   T IN  PmBARS  T OUT    RH%
   37.1969  -80.5777    0.1   -0.1  281.0   48.1   959.5   28.8   55.4                    

   BL# MONTH   DAY  YEAR  HOUR   MIN  VAL1  VAL2  VAL3  VAL4
   573     5    18  2017     9    40   334   573  1638     0

  SPU1  SPU2  SPU3  SPU4 NOIS1 NOIS2 NOIS3 NOIS4 FEMAX SOFTW
     1     1     1     0  5204  5304  5201    29   256  9063

  FE11  FE12  FE21  FE22  SNR1  SNR2  SNR3  SNR4 CHECK   JAM
     8     8     8     8   104    95    96     0    56 10100

   ALT    CT SPEED   DIR     W    SW    SU    SV  U'V'  U'W'  ETAM

   140   496   118   175   -19    29     4    50     3    65    19
   130   462    97   185   -16    34     2    13     7    40    21
   120   432   110   184   -10    38     4     1     7    60    20
   110   434    90   172    -2    41     6     9     9    43    13
   100   447    81   181     6    45    11    11    14    52    14
    90   438    81   181    11    51     9    -4    19    41    13
    80   420    91   163    12    57    14    12    21    35    28
    70   456    93   154    11    57    21    -5    27    43   142
    60   466    96   134     6    56    27   -14    37    44   271
    50   490    89   131    -1    52    27   -30    35    35   309
    40   573    69   117    -7    43    24   -27    41    30    37
    30   472    50   104   -10    39    18   -27    16     8 -9999
    20   363    54   110   -16    40     6    -5    10    12 -9999
    10   285   201    89   -27    46     4   -95    11    11 -9999
$
