
   GPS LAT  GPS LONG   ROLL  PITCH AZIMUT   T IN  PmBARS  T OUT    RH%
   37.1965  -80.5780   -0.3    0.0  311.1   35.8   954.0   29.7   47.9                    

   BL# MONTH   DAY  YEAR  HOUR   MIN  VAL1  VAL2  VAL3  VAL4
   573     9     4  2017    16     0   123   435   502     0

  SPU1  SPU2  SPU3  SPU4 NOIS1 NOIS2 NOIS3 NOIS4 FEMAX SOFTW
 -9999 -9999 -9999     0  5703  5103  5400    29 -9999  9063

  FE11  FE12  FE21  FE22  SNR1  SNR2  SNR3  SNR4 CHECK   JAM
 -9999 -9999 -9999 -9999   122   123   105     0    62 10095

   ALT    CT SPEED   DIR     W    SW    SU    SV  U'V'  U'W'  ETAM

   190   932   447   272   -44   103     2    16     0   245 -9999
   180   911   430   272   -47    99     1    17     1   235 -9999
   170   890   414   273   -37    95     1    18     3   224 -9999
   160   477   394   272   -48    91     3    19     2   214   225
   150    75   405   273   -52    87     0    17     1   203   216
   140    97   437   276   -11    83     2    21     2   193   206
   130   105   452   277    -6    79     1    13     6   183   196
   120   117   431   269    -8    70     2    29     5   203   198
   110   138   421   263   -12    57     1    43     4   214   213
   100   179   403   265   -13    67     2     7     3   205   177
    90   201   395   267   -16    69     3   -21     3   198   203
    80   211   393   261   -21    64    10     4     8   188   246
    70   226   409   246   -24    64     9    -4    23   187    93
    60   231   381   247   -29    60    10   -74    24   183    73
    50   235   370   248   -33    57    15   -62    27   170    97
    40   250   352   254   -30    57    14   -54    31   165   115
    30   202   328   260   -26    64     6   -25    21   161 -9999
    20   175   299   262   -23    65     4   -12    18   143 -9999
    10   189   285   261   -21    57     2   -13     5   135 -9999
$

   GPS LAT  GPS LONG   ROLL  PITCH AZIMUT   T IN  PmBARS  T OUT    RH%
   37.1965  -80.5780   -0.3    0.0  311.2   39.0   953.9   30.2   48.6                    

   BL# MONTH   DAY  YEAR  HOUR   MIN  VAL1  VAL2  VAL3  VAL4
   573     9     4  2017    16    10   364   523   709     0

  SPU1  SPU2  SPU3  SPU4 NOIS1 NOIS2 NOIS3 NOIS4 FEMAX SOFTW
     0     0     0     0  5403  5604  5401    29 -9999  9063

  FE11  FE12  FE21  FE22  SNR1  SNR2  SNR3  SNR4 CHECK   JAM
 -9999 -9999 -9999 -9999   105    95    96     0    61 10091

   ALT    CT SPEED   DIR     W    SW    SU    SV  U'V'  U'W'  ETAM

   190  1380   407   223   -57    69     1 -9999     2 -9999 -9999
   180  1213   412   226   -55    65     1 -9999     2 -9999    57
   170   393   417   228   -62    62     1  -141     2   130    54
   160   154   422   231   -54    65     2  -135     0   139    55
   150   156   428   233   -41    71     1  -129     3   148    54
   140   176   424   234   -31    77     2  -123     3   157    61
   130   189   405   234   -26    69     4  -117     5   165    69
   120   190   451   239   -24    63     4  -111     8   174    72
   110   180   486   239   -25    62     7  -105     0   157    68
   100   240   524   244   -20    53    10   -99     4   192    86
    90   270   532   244   -17    50    10  -111     8   209    82
    80   279   510   239   -17    52    10   -91    13   245    88
    70   298   497   237   -19    53     9  -114    26   217   283
    60   340   487   233   -22    49    27  -119    27   206   949
    50   396   470   231   -26    42    27  -131    41   191  1289
    40   462   455   232   -32    34    25  -131    42   177   225
    30   370   426   232   -39    33    16  -121    24   175    53
    20   276   382   233   -39    35    13  -104    28   151    33
    10   215   365   232   -32    39     5   -98     6   143 -9999
$

   GPS LAT  GPS LONG   ROLL  PITCH AZIMUT   T IN  PmBARS  T OUT    RH%
   37.1965  -80.5780   -0.3    0.0  311.0   41.2   953.9   30.4   46.3                    

   BL# MONTH   DAY  YEAR  HOUR   MIN  VAL1  VAL2  VAL3  VAL4
   573     9     4  2017    16    20   460   460   525     0

  SPU1  SPU2  SPU3  SPU4 NOIS1 NOIS2 NOIS3 NOIS4 FEMAX SOFTW
     0     0     0     0  5503  5605  5601    29 -9999  9063

  FE11  FE12  FE21  FE22  SNR1  SNR2  SNR3  SNR4 CHECK   JAM
 -9999 -9999 -9999 -9999   105    94    95     0    62 10086

   ALT    CT SPEED   DIR     W    SW    SU    SV  U'V'  U'W'  ETAM

   190 -9999 -9999 -9999 -9999 -9999 -9999 -9999 -9999 -9999 -9999
   180 -9999 -9999 -9999 -9999 -9999 -9999 -9999 -9999 -9999 -9999
   170 -9999 -9999 -9999 -9999 -9999 -9999 -9999 -9999 -9999 -9999
   160  1216   623   240   -30    52     2  -113     1 -9999    31
   150  1140   617   238   -30    49     5  -121     3 -9999    31
   140  1064   616   237   -35    47     3  -130     1   268    27
   130   520   609   235   -27    51     3  -138     1   261    34
   120   161   587   237   -29    49     3  -146     1   255    32
   110   155   577   237   -48    40     6  -154     0   248    19
   100   144   573   235   -43    40     7  -138     4   241    48
    90   152   570   233   -40    39     6  -138     5   235    39
    80   174   570   233   -40    36    11  -149     5   228     5
    70   189   584   234   -38    35    20  -152    19   221     6
    60   256   581   234   -43    33    37  -150    30   235    72
    50   322   577   234   -47    30    44  -153    43   232   118
    40   336   554   235   -44    26    45  -150    46   230    35
    30   276   516   235   -48    30    36  -131    28   218    68
    20   223   471   234   -49    35    24  -128    24   193    98
    10   194   404   236   -45    39     2   -99     6   165 -9999
$

   GPS LAT  GPS LONG   ROLL  PITCH AZIMUT   T IN  PmBARS  T OUT    RH%
   37.1965  -80.5780   -0.2   -0.1  310.9   42.4   953.9   30.1   46.3                    

   BL# MONTH   DAY  YEAR  HOUR   MIN  VAL1  VAL2  VAL3  VAL4
   573     9     4  2017    16    30   435   562   660     0

  SPU1  SPU2  SPU3  SPU4 NOIS1 NOIS2 NOIS3 NOIS4 FEMAX SOFTW
     1     1     1     0  5602  5705  5601    29     0  9063

  FE11  FE12  FE21  FE22  SNR1  SNR2  SNR3  SNR4 CHECK   JAM
     8     8     8     9    95    94    96     0    61 10084

   ALT    CT SPEED   DIR     W    SW    SU    SV  U'V'  U'W'  ETAM

   190   798   754   235     6    39     4 -9999     1 -9999   276
   180   848   723   235     6    38     2 -9999     3 -9999   270
   170   899   692   235     7    37     5 -9999     0 -9999   295
   160   949   658   235     6    38     3  -196     3   307   267
   150   829   625   235     6    41     1  -184     5   291   256
   140   281   593   236     8    44     9  -173     1   276   351
   130   216   564   235     5    46     7  -161     1   260   193
   120   229   562   231     2    47     5  -150     4   245   316
   110   236   502   235    -3    47     5  -138     4   229   843
   100   230   510   233    -3    49     7  -161     6   214   283
    90   235   512   233    -3    50    10  -116    14   198    55
    80   252   484   234    -3    50    12  -148    21   203    89
    70   295   466   232    -4    45    26  -122    30   198    78
    60   301   449   232    -9    41    27  -127    38   181    60
    50   293   465   230   -12    38    41  -122    40   173    47
    40   282   465   229    -8    37    30  -138    36   179    52
    30   206   446   229    -5    40    22  -135    31   173   362
    20   135   405   229    -3    40    10  -127    27   158   565
    10    86   323   233    -4    35     6   -86     6   127 -9999
$

   GPS LAT  GPS LONG   ROLL  PITCH AZIMUT   T IN  PmBARS  T OUT    RH%
   37.1965  -80.5780   -0.2   -0.1  310.9   43.2   954.0   30.3   49.3                    

   BL# MONTH   DAY  YEAR  HOUR   MIN  VAL1  VAL2  VAL3  VAL4
   573     9     4  2017    16    40   493   502   573     0

  SPU1  SPU2  SPU3  SPU4 NOIS1 NOIS2 NOIS3 NOIS4 FEMAX SOFTW
     2     2     1     0  5803  5904  5701    29     0  9063

  FE11  FE12  FE21  FE22  SNR1  SNR2  SNR3  SNR4 CHECK   JAM
     8     8     8     9    96    95    96     0    63 10084

   ALT    CT SPEED   DIR     W    SW    SU    SV  U'V'  U'W'  ETAM

   190  1584   637   236    23    41     4 -9999     2 -9999     7
   180  1385   621   234    23    39     0 -9999     3 -9999     7
   170   415   610   231    23    36     4 -9999     2 -9999     7
   160   166   596   229    23    34     2  -156     6   263     7
   150   199   584   227    24    34     4  -163     4   248     4
   140   216   574   224    24    38     4  -170     3   234     5
   130   213   566   222    25    37     3  -177     2   219     5
   120   216   556   219    19    38     5  -184     4   204     8
   110   231   549   216     5    45     4  -191     5   190    13
   100   266   551   214    -7    44     4  -198     4   175    16
    90   275   554   213   -11    39    11  -205    11   161    20
    80   266   553   213   -10    31    19  -213    26   156    21
    70   256   556   213   -10    23    30  -214    25   154     8
    60   288   546   214   -11    30    35  -214    35   157   399
    50   322   544   214   -11    39    36  -207    33   158   707
    40   320   531   215   -14    41    31  -206    42   158   379
    30   250   504   217   -14    43    27  -191    31   157   159
    20   214   469   217   -12    45    15  -172    16   147    42
    10   236   445   216    -7    46     5  -164     6   134 -9999
$

   GPS LAT  GPS LONG   ROLL  PITCH AZIMUT   T IN  PmBARS  T OUT    RH%
   37.1965  -80.5780   -0.2   -0.1  310.9   44.1   953.9   29.8   51.2                    

   BL# MONTH   DAY  YEAR  HOUR   MIN  VAL1  VAL2  VAL3  VAL4
   573     9     4  2017    16    50   436   366   489     0

  SPU1  SPU2  SPU3  SPU4 NOIS1 NOIS2 NOIS3 NOIS4 FEMAX SOFTW
     2     2     1     0  5803  5902  5801    29     0  9063

  FE11  FE12  FE21  FE22  SNR1  SNR2  SNR3  SNR4 CHECK   JAM
     8     8     8     9    96    95    96     0    63 10084

   ALT    CT SPEED   DIR     W    SW    SU    SV  U'V'  U'W'  ETAM

   190  1150   430   206    16    81     4  -180     9 -9999 -9999
   180  1081   438   207    16    77     3  -180     6 -9999   159
   170  1013   444   209    17    72     7  -180     3 -9999   151
   160   538   452   210    16    68     2  -180     6    95   143
   150    93   460   212    15    64     1  -180     5   104   135
   140   131   464   213    19    59     4  -180     2   112   128
   130   129   461   216    12    66     7  -180     4   121   135
   120   135   458   218     7    71    11  -180     4   129   126
   110   161   430   218     7    71     2  -173     4   138    80
   100   200   392   209     9    68     5  -163     4   147   136
    90   228   399   205     9    64     7  -152     8   129   100
    80   242   442   209     7    60     9  -163     5    74     3
    70   232   481   209    -1    59    19  -173    13   107     5
    60   258   473   210    -5    57    25  -196    25   122    64
    50   271   474   212    -8    55    42  -188    24   126   163
    40   218   466   209    -8    53    31  -184    37   132   238
    30   163   444   206    -1    56    42  -191    36   107  2619
    20   142   408   203     5    55    26  -175    15    97  4190
    10   168   368   191     7    49     4  -170     7    42 -9999
$

   GPS LAT  GPS LONG   ROLL  PITCH AZIMUT   T IN  PmBARS  T OUT    RH%
   37.1965  -80.5780   -0.2   -0.2  310.9   44.8   953.9   29.5   52.0                    

   BL# MONTH   DAY  YEAR  HOUR   MIN  VAL1  VAL2  VAL3  VAL4
   573     9     4  2017    17     0   218   130   243     0

  SPU1  SPU2  SPU3  SPU4 NOIS1 NOIS2 NOIS3 NOIS4 FEMAX SOFTW
     2     2     0     0  5803  5903  5802    29    44  9063

  FE11  FE12  FE21  FE22  SNR1  SNR2  SNR3  SNR4 CHECK   JAM
     8     8     8     8    95    96    96     0    63 10084

   ALT    CT SPEED   DIR     W    SW    SU    SV  U'V'  U'W'  ETAM

   190 -9999 -9999 -9999 -9999 -9999 -9999 -9999 -9999 -9999 -9999
   180 -9999 -9999 -9999 -9999 -9999 -9999 -9999 -9999 -9999 -9999
   170 -9999 -9999 -9999 -9999 -9999 -9999 -9999 -9999 -9999 -9999
   160 -9999 -9999 -9999 -9999 -9999 -9999 -9999 -9999 -9999 -9999
   150 -9999 -9999 -9999 -9999 -9999 -9999 -9999 -9999 -9999 -9999
   140   195   423   210   -17    69     2 -9999     3 -9999    47
   130    94   442   209   -20    68     0  -149     2 -9999    45
   120   109   462   207   -19    67     1  -163     6   111    45
   110   132   483   206   -14    65     5  -177     1   111    48
   100   131   505   205   -27    64     2  -191     4   111    41
    90   121   526   204   -26    63     3  -205     6   111    46
    80   109   532   203   -16    60     3  -219     2   112    55
    70   120   492   206   -22    55     2  -233     2   112    24
    60   114   492   206   -23    52     9  -205     6   112    25
    50   112   488   207   -21    49    15  -206    14   112    36
    40   138   495   206   -18    47    15  -201    14   116    41
    30   115   487   204   -14    46    24  -213    15   110    46
    20    98   454   202   -10    49    12  -196    13    98    48
    10    98   423   197    -4    60     7  -189     7    70 -9999
$

   GPS LAT  GPS LONG   ROLL  PITCH AZIMUT   T IN  PmBARS  T OUT    RH%
   37.1965  -80.5780   -0.2   -0.2  310.9   45.2   954.0   29.3   52.6                    

   BL# MONTH   DAY  YEAR  HOUR   MIN  VAL1  VAL2  VAL3  VAL4
   573     9     4  2017    17    10   264   285   337     0

  SPU1  SPU2  SPU3  SPU4 NOIS1 NOIS2 NOIS3 NOIS4 FEMAX SOFTW
     2     1     0     0  5902  5703  5902    29    44  9063

  FE11  FE12  FE21  FE22  SNR1  SNR2  SNR3  SNR4 CHECK   JAM
     8     8     8     8   105    95    96     0    64 10084

   ALT    CT SPEED   DIR     W    SW    SU    SV  U'V'  U'W'  ETAM

   190 -9999 -9999 -9999 -9999 -9999 -9999 -9999 -9999 -9999 -9999
   180 -9999 -9999 -9999 -9999 -9999 -9999 -9999 -9999 -9999 -9999
   170 -9999 -9999 -9999 -9999 -9999 -9999 -9999 -9999 -9999 -9999
   160   932   559   212   -10    45     1 -9999     0   176   354
   150   885   537   211   -10    45     3 -9999     1   167   334
   140   838   525   212    -9    48     3  -224     2   157   314
   130   376   528   214   -10    51     3  -216     2   147   343
   120    73   481   209   -10    54     2  -208     4   137   334
   110   118   462   208    -7    57     3  -201     2   157   261
   100   120   445   208   -14    51     4  -193     6   118   409
    90   135   431   208   -17    47     2  -186     5   112   303
    80   162   430   210   -17    46     6  -178     5   107    30
    70   189   468   214   -24    54    11  -170     8   104    29
    60   443   469   210   -30    53    12  -178    11   136    86
    50   663   471   208   -34    51    23  -188    25   121   144
    40   551   464   202   -34    51    35  -195    28   113   115
    30   396   445   198   -36    52    35  -206    21    76   510
    20   252   426   200   -34    50    10  -182    15    76   777
    10   132   479   201   -25    45     6  -209     7    91 -9999
$

   GPS LAT  GPS LONG   ROLL  PITCH AZIMUT   T IN  PmBARS  T OUT    RH%
   37.1965  -80.5780   -0.3   -0.1  310.8   45.4   953.9   28.5   53.0                    

   BL# MONTH   DAY  YEAR  HOUR   MIN  VAL1  VAL2  VAL3  VAL4
   573     9     4  2017    17    20   563   600   522     0

  SPU1  SPU2  SPU3  SPU4 NOIS1 NOIS2 NOIS3 NOIS4 FEMAX SOFTW
     2     1     0     0  5903  5403  5701    29    44  9063

  FE11  FE12  FE21  FE22  SNR1  SNR2  SNR3  SNR4 CHECK   JAM
     8     8     8     8   106    95    96     0    64 10084

   ALT    CT SPEED   DIR     W    SW    SU    SV  U'V'  U'W'  ETAM

   190 -9999 -9999 -9999 -9999 -9999 -9999 -9999 -9999 -9999 -9999
   180   953   490   220   -11    34     1 -9999     3 -9999    12
   170  1002   506   218   -10    37     2 -9999     6 -9999     7
   160  1052   526   216   -10    39     2 -9999     3 -9999     5
   150  1102   549   213    -9    42     0  -166     6   160     6
   140  1151   572   211    -9    44     2  -185     2   157    10
   130   566   594   209    -9    46     3  -203     2   155    12
   120   171   619   207    -9    49     0  -221     4   152    16
   110   230   646   205    -7    50     3  -240     5   150    21
   100   255   613   207   -11    39     2  -258     4   147    16
    90   280   572   208   -12    32     6  -276     5   145    24
    80   306   549   208   -12    28     9  -240    11   143   163
    70   335   544   207   -12    31    22  -225    24   134  1103
    60   344   519   207   -12    33    33  -226    41   130   901
    50   351   467   208   -14    36    53  -212    36   125   377
    40   371   438   208   -22    42    41  -181    47   110   148
    30   298   413   208   -29    48    46  -174    48   108    81
    20   225   380   205   -38    48    17  -154    15    90    60
    10   177   398   198   -51    43     6  -177     4    68 -9999
$

   GPS LAT  GPS LONG   ROLL  PITCH AZIMUT   T IN  PmBARS  T OUT    RH%
   37.1965  -80.5780   -0.3   -0.1  311.0   45.3   953.9   27.6   55.2                    

   BL# MONTH   DAY  YEAR  HOUR   MIN  VAL1  VAL2  VAL3  VAL4
   573     9     4  2017    17    30   780   501   570     0

  SPU1  SPU2  SPU3  SPU4 NOIS1 NOIS2 NOIS3 NOIS4 FEMAX SOFTW
     1     2     0     0  5802  5403  5701    29    44  9063

  FE11  FE12  FE21  FE22  SNR1  SNR2  SNR3  SNR4 CHECK   JAM
     8     8     8     8    95    95    96     0    64 10084

   ALT    CT SPEED   DIR     W    SW    SU    SV  U'V'  U'W'  ETAM

   190 -9999 -9999 -9999 -9999 -9999 -9999 -9999 -9999 -9999 -9999
   180   715   722   190    40    65     2 -9999     0 -9999   124
   170   749   706   191    39    61     0 -9999     1 -9999   132
   160   782   688   192    38    57     0 -9999     0 -9999   124
   150   689   670   194    37    56     2  -338     1    76   110
   140   185   653   195    36    64     2  -324     2    83   144
   130   110   635   197    35    52     1  -311     2    90   104
   120   138   617   199    28    45     4  -298     2    96   115
   110   173   601   201    13    52     4  -285     0   103   228
   100   198   575   200     0    49     1  -272     4   110   104
    90   235   550   201   -10    49     6  -258     7   117    79
    80   279   533   204   -16    51    18  -245    10   103   127
    70   298   519   204   -17    48    46  -228    13   114    99
    60   345   493   205   -19    46    56  -222    33   113  1329
    50   376   465   204   -20    45    55  -206    42   109  2208
    40   331   439   203   -21    44    52  -193    42    98   498
    30   247   401   203   -21    44    42  -181    37    88   291
    20   196   349   202   -17    40    25  -155    13    75   313
    10   199   301   196    -7    31     4  -136     8    46 -9999
$

   GPS LAT  GPS LONG   ROLL  PITCH AZIMUT   T IN  PmBARS  T OUT    RH%
   37.1965  -80.5780   -0.3   -0.1  311.0   45.3   953.9   27.3   55.7                    

   BL# MONTH   DAY  YEAR  HOUR   MIN  VAL1  VAL2  VAL3  VAL4
   573     9     4  2017    17    40   817   555   690     0

  SPU1  SPU2  SPU3  SPU4 NOIS1 NOIS2 NOIS3 NOIS4 FEMAX SOFTW
     2     2     0     0  5703  5603  5802    29    44  9063

  FE11  FE12  FE21  FE22  SNR1  SNR2  SNR3  SNR4 CHECK   JAM
     8     8     8     8   105    95    96     0    65 10084

   ALT    CT SPEED   DIR     W    SW    SU    SV  U'V'  U'W'  ETAM

   190  1020   687   227    12    50     1 -9999     4 -9999    30
   180  1004   669   225    12    51     1  -206     7 -9999    28
   170   988   652   223    13    52     4  -209     4   269    26
   160   595   634   221    12    53     3  -211     4   253    25
   150   122   617   219    11    54     1  -213     1   236    24
   140   149   603   217    16    55     1  -215     4   220    23
   130   179   588   214    20    51     3  -218     3   203    23
   120   210   581   211    23    49     5  -220     3   187    24
   110   240   563   208    23    51     7  -222     4   170    27
   100   305   569   206     7    48     6  -229     5   154    20
    90   353   575   205    -4    47    12  -230    10   132    76
    80   384   565   204    -9    46    23  -242    16   130   187
    70   423   552   202   -11    44    42  -241    18   125   273
    60   465   529   202   -11    43    43  -240    34   112   176
    50   480   490   202    -8    42    47  -226    43   107    50
    40   420   459   203    -2    40    46  -204    38    97    72
    30   312   425   205     3    41    47  -188    38    97    63
    20   230   379   208     4    40    25  -159    12    95    56
    10   195   326   211     2    38     5  -129     3    86 -9999
$

   GPS LAT  GPS LONG   ROLL  PITCH AZIMUT   T IN  PmBARS  T OUT    RH%
   37.1965  -80.5780   -0.3   -0.1  310.9   45.2   953.8   27.2   56.9                    

   BL# MONTH   DAY  YEAR  HOUR   MIN  VAL1  VAL2  VAL3  VAL4
   573     9     4  2017    17    50   690   309   510     0

  SPU1  SPU2  SPU3  SPU4 NOIS1 NOIS2 NOIS3 NOIS4 FEMAX SOFTW
     2     2     0     0  5802  5902  5601    29    44  9063

  FE11  FE12  FE21  FE22  SNR1  SNR2  SNR3  SNR4 CHECK   JAM
     8     8     8     8   106    94    96     0    64 10084

   ALT    CT SPEED   DIR     W    SW    SU    SV  U'V'  U'W'  ETAM

   190 -9999 -9999 -9999 -9999 -9999 -9999 -9999 -9999 -9999 -9999
   180   768   531   197     5    69     5 -9999     0 -9999   175
   170   808   545   197     5    67     0 -9999     1 -9999   165
   160   849   560   197     5    65     1  -230     0 -9999   173
   150   766   575   198     4    62     0  -237     3    84   180
   140   232   590   198     5    60     2  -245     2    90   144
   130   126   604   198     4    63     2  -253     2    95   193
   120   137   610   196     1    64     3  -260     5   100   188
   110   154   633   199    -6    60     2  -268     2   105    50
   100   191   608   196   -18    53     4  -275     8    95    44
    90   226   589   195   -25    47     6  -283     3   116    81
    80   259   593   200   -26    42    14  -268    10    74   131
    70   282   563   201   -28    37    39  -262    13   113    42
    60   316   545   201   -29    32    40  -246    33   107    14
    50   345   526   201   -31    28    49  -237    28   105    13
    40   350   502   199   -36    26    48  -225    27   101    15
    30   280   469   198   -36    29    42  -217    27    82    34
    20   301   425   199   -31    36    27  -193     8    83    47
    10   468   359   192   -18    48     8  -165     7    45 -9999
$

   GPS LAT  GPS LONG   ROLL  PITCH AZIMUT   T IN  PmBARS  T OUT    RH%
   37.1965  -80.5780   -0.3   -0.1  310.9   44.8   953.9   26.7   56.9                    

   BL# MONTH   DAY  YEAR  HOUR   MIN  VAL1  VAL2  VAL3  VAL4
   573     9     4  2017    18     0   803   546   851     0

  SPU1  SPU2  SPU3  SPU4 NOIS1 NOIS2 NOIS3 NOIS4 FEMAX SOFTW
     2     2     0     0  5504  5701  5901    29    66  9063

  FE11  FE12  FE21  FE22  SNR1  SNR2  SNR3  SNR4 CHECK   JAM
     8     8     8     8   114    93    96     0    65 10084

   ALT    CT SPEED   DIR     W    SW    SU    SV  U'V'  U'W'  ETAM

   190  1378   570   212     4    42     1 -9999     3 -9999    29
   180  1308   551   212     5    40     1 -9999     3   170    30
   170   458   528   212     3    38     1  -235     1   163    26
   160   171   505   212     5    39     3  -225     3   156    30
   150   209   485   212    11    40     0  -214     2   149    34
   140   251   470   213    17    28     4  -203     3   142    16
   130   256   472   216    15    30     3  -193     1   135    41
   120   268   492   212    13    31     1  -182     2   128    50
   110   308   506   212    12    25     2  -172     8   142    13
   100   318   493   212    10    26     7  -193     8   135     7
    90   335   470   212     8    26    11  -200     7   141    24
    80   364   455   213     6    24    25  -188    14   130    51
    70   418   447   212    -1    22    26  -177    24   127    19
    60   456   429   211    -5    23    48  -175    41   121    24
    50   473   407   211    -9    25    60  -168    41   114    44
    40   448   374   211   -14    26    52  -159    35   105    60
    30   356   334   210   -15    29    47  -138    32    94    60
    20   276   296   207   -13    30    19  -124     9    73    58
    10   231   268   206    -5    29     6  -112     7    61 -9999
$

   GPS LAT  GPS LONG   ROLL  PITCH AZIMUT   T IN  PmBARS  T OUT    RH%
   37.1965  -80.5780   -0.2    0.0  310.9   44.6   953.8   26.5   59.1                    

   BL# MONTH   DAY  YEAR  HOUR   MIN  VAL1  VAL2  VAL3  VAL4
   573     9     4  2017    18    10   802   649   718     0

  SPU1  SPU2  SPU3  SPU4 NOIS1 NOIS2 NOIS3 NOIS4 FEMAX SOFTW
     1     2     0     0  5704  6302  5802    29    66  9063

  FE11  FE12  FE21  FE22  SNR1  SNR2  SNR3  SNR4 CHECK   JAM
     8     8     8     8   103    92    96     0    66 10084

   ALT    CT SPEED   DIR     W    SW    SU    SV  U'V'  U'W'  ETAM

   190  1521   753   214    -2    30     0 -9999     1 -9999     7
   180  1452   715   213    -1    29     3  -324     4   248     7
   170  1382   675   213    -4    31     2  -307     1   232     8
   160   833   633   213    -2    29     2  -290     6   216     8
   150   188   597   212     1    27     1  -273     5   201     7
   140   199   589   212   -12    36     3  -255     7   185    10
   130   222   653   213   -22    36     3  -238     2   170    43
   120   247   610   213   -31    32     2  -221     4   154    53
   110   273   588   214   -40    23     5  -255     5   185    10
   100   404   569   214   -36    21    11  -234    13   167    14
    90   491   549   213   -30    17    14  -220    17   168    12
    80   534   527   212   -22    12    32  -215    20   157     4
    70   574   511   213   -18    11    39  -207    34   145     6
    60   674   486   213   -16    15    47  -197    36   143     7
    50   756   454   214   -14    22    39  -185    34   134    13
    40   712   429   215   -12    32    41  -166    36   130    37
    30   566   391   216   -13    39    33  -155    23   123    69
    20   423   336   218   -13    42    18  -124    11   107    88
    10   311   305   218   -11    42     5  -109     9    96 -9999
$

   GPS LAT  GPS LONG   ROLL  PITCH AZIMUT   T IN  PmBARS  T OUT    RH%
   37.1965  -80.5780   -0.2   -0.1  311.0   44.8   954.0   26.4   58.2                    

   BL# MONTH   DAY  YEAR  HOUR   MIN  VAL1  VAL2  VAL3  VAL4
   573     9     4  2017    18    20   832   662   708     0

  SPU1  SPU2  SPU3  SPU4 NOIS1 NOIS2 NOIS3 NOIS4 FEMAX SOFTW
     1     2     0     0  5802  6003  5903    29    66  9063

  FE11  FE12  FE21  FE22  SNR1  SNR2  SNR3  SNR4 CHECK   JAM
     8     8     8     8   103    93    96     0    66 10088

   ALT    CT SPEED   DIR     W    SW    SU    SV  U'V'  U'W'  ETAM

   190  1015   584   207    -8    28     2 -9999     1 -9999    27
   180   122   582   209    -9    27     4 -9999     3   121    27
   170   160   578   210    -7    29     0  -248     2   129    27
   160   186   577   212    -9    27     3  -242     4   137    27
   150   358   575   214   -11    24     2  -235     2   145    25
   140  1185   574   215    -6    23     3  -228     2   153    18
   130   773   569   217    -1    21     2  -222     7   161     9
   120   286   541   215    -1    18     2  -215     3   169     4
   110   336   509   212   -10    15     3  -208     6   177     3
   100   340   492   212   -12    18    12  -202    13   158     2
    90   342   475   213   -14    17    29  -197    18   133     2
    80   350   453   215   -15    12    27  -187    25   133     0
    70   399   439   215   -18    10    29  -172    23   133     1
    60   455   415   214   -22     5    37  -165    33   128     4
    50   493   387   214   -25     3    56  -155    39   119    11
    40   472   358   214   -23    12    47  -143    39   108    19
    30   373   323   213   -23    19    39  -130    36    98   254
    20   280   278   211   -23    24    16  -114    13    80   414
    10   214   225   205   -21    28     1   -94     5    50 -9999
$

   GPS LAT  GPS LONG   ROLL  PITCH AZIMUT   T IN  PmBARS  T OUT    RH%
   37.1965  -80.5780   -0.2   -0.1  310.9   44.9   953.9   26.2   58.4                    

   BL# MONTH   DAY  YEAR  HOUR   MIN  VAL1  VAL2  VAL3  VAL4
   573     9     4  2017    18    30  1024   877   813     0

  SPU1  SPU2  SPU3  SPU4 NOIS1 NOIS2 NOIS3 NOIS4 FEMAX SOFTW
     2     1     0     0  5803  6004  5802    29    66  9063

  FE11  FE12  FE21  FE22  SNR1  SNR2  SNR3  SNR4 CHECK   JAM
     8     8     8     8    95    95    96     0    65 10084

   ALT    CT SPEED   DIR     W    SW    SU    SV  U'V'  U'W'  ETAM

   190  1235   529   204    -6    35     0 -9999     5 -9999    14
   180  1195   533   204    -5    33     6  -223     2   107    15
   170  1154   535   205    -5    31     4  -224     2   110    16
   160  1188   540   205    -5    29     2  -225     4   113    15
   150  1128   544   205    -5    28     4  -226     1   116    14
   140   469   547   206    -5    26     1  -226     2   119    18
   130   318   549   206    -4    24     6  -227     4   122    13
   120   321   538   206    -5    22     6  -228     8   125     7
   110   328   505   208    -9    20    13  -229    10   128     4
   100   325   484   209    -9    19    23  -224    20   123     4
    90   327   469   211   -10    19    34  -201    28   121     4
    80   337   455   213   -13    18    45  -190    26   124     5
    70   374   435   214   -14    12    37  -177    36   126     2
    60   480   412   214   -13     9    48  -166    43   125     1
    50   605   386   215   -12     8    51  -155    49   117     3
    40   687   366   216   -10    13    57  -141    55   111     8
    30   592   337   217    -9    17    50  -131    45   109    33
    20   447   287   220   -13    21    15  -107    16    94    51
    10   281   230   229   -26    29     2   -68     5    86 -9999
$

   GPS LAT  GPS LONG   ROLL  PITCH AZIMUT   T IN  PmBARS  T OUT    RH%
   37.1965  -80.5780   -0.2   -0.1  311.0   45.0   953.9   26.1   59.0                    

   BL# MONTH   DAY  YEAR  HOUR   MIN  VAL1  VAL2  VAL3  VAL4
   573     9     4  2017    18    40   997   876   896     0

  SPU1  SPU2  SPU3  SPU4 NOIS1 NOIS2 NOIS3 NOIS4 FEMAX SOFTW
     2     1     0     0  5803  5903  5702    29    66  9063

  FE11  FE12  FE21  FE22  SNR1  SNR2  SNR3  SNR4 CHECK   JAM
     8     8     8     8    93    96    96     0    65 10088

   ALT    CT SPEED   DIR     W    SW    SU    SV  U'V'  U'W'  ETAM

   190  1481   812   209     8    35     8  -397     2   248   114
   180   212   766   209     7    37    10  -375     4   233   100
   170   237   719   209    10    33     3  -353     4   219   134
   160   262   674   208     7    31     4  -331     1   204   108
   150   294   628   208     3    30     5  -309     2   190    58
   140   350   578   208    13    31     4  -287     5   176    71
   130   379   520   209     7    30     7  -264     7   161    53
   120   397   494   208     0    26     6  -242     6   147    30
   110   412   451   208     0    21    13  -209     9   132    11
   100   412   424   209     2    17    16  -202    19   119    12
    90   411   405   210     1    13    22  -175    25   109    12
    80   416   385   212     0    11    41  -167    36   105     9
    70   449   371   213    -3     8    33  -153    35   103     2
    60   507   346   216    -9     4    46  -142    49   105     0
    50   580   322   217   -15     2    56  -125    48   105     8
    40   662   298   217   -19     5    63  -115    55    95    45
    30   598   267   218   -21    10    45  -103    43    89    28
    20   476   214   218   -20    12    19   -85    20    73    12
    10   312   125   221   -16     8     8   -43    10    41 -9999
$

   GPS LAT  GPS LONG   ROLL  PITCH AZIMUT   T IN  PmBARS  T OUT    RH%
   37.1965  -80.5780   -0.2   -0.1  311.1   44.6   954.0   25.6   60.0                    

   BL# MONTH   DAY  YEAR  HOUR   MIN  VAL1  VAL2  VAL3  VAL4
   573     9     4  2017    18    50   870   884   969     0

  SPU1  SPU2  SPU3  SPU4 NOIS1 NOIS2 NOIS3 NOIS4 FEMAX SOFTW
     2     1     0     0  5803  6103  5802    29    66  9063

  FE11  FE12  FE21  FE22  SNR1  SNR2  SNR3  SNR4 CHECK   JAM
     8     8     8     8    94    96    96     0    66 10093

   ALT    CT SPEED   DIR     W    SW    SU    SV  U'V'  U'W'  ETAM

   190  2354   701   196     2    38     4  -372     4 -9999    57
   180  2222   680   198     2    41     5  -354     1   118    59
   170   833   659   201     1    43     5  -336     2   112    62
   160   349   639   204     2    41     1  -318     1   106    60
   150   439   620   206     5    35     3  -300     4   118    51
   140   509   598   208    11    29     2  -282     2   129    24
   130   530   563   206    10    25     5  -264     5   141    44
   120   525   519   207     8    23     5  -246     6   153    58
   110   501   478   208    10    24    13  -238    17   129    37
   100   476   438   208     7    16    11  -211    14   123    14
    90   474   402   209     3    14    23  -188    22   114     8
    80   492   371   208    -2    18    32  -169    28   105    18
    70   476   344   208    -7    19    46  -155    36    91    19
    60   490   319   210   -11    20    55  -141    41    84    15
    50   533   295   211   -13    21    52  -125    64    81    12
    40   617   283   214   -16    19    53  -114    58    77    14
    30   484   266   218   -15    22    43  -102    60    86    66
    20   351   235   221   -14    21    18   -82    28    80   103
    10   276   209   221   -13    17     3   -72     7    69 -9999
$

   GPS LAT  GPS LONG   ROLL  PITCH AZIMUT   T IN  PmBARS  T OUT    RH%
   37.1965  -80.5780   -0.2   -0.1  311.0   44.3   953.8   25.3   61.1                    

   BL# MONTH   DAY  YEAR  HOUR   MIN  VAL1  VAL2  VAL3  VAL4
   573     9     4  2017    19     0   768   932   781     0

  SPU1  SPU2  SPU3  SPU4 NOIS1 NOIS2 NOIS3 NOIS4 FEMAX SOFTW
     2     2     0     0  6202  6202  5902    29   110  9063

  FE11  FE12  FE21  FE22  SNR1  SNR2  SNR3  SNR4 CHECK   JAM
     8     8     8     8    94   105    96     0    68 10097

   ALT    CT SPEED   DIR     W    SW    SU    SV  U'V'  U'W'  ETAM

   190  1229   514   210    24    43     2 -9999     2   115   459
   180  1264   513   211    23    41     2 -9999     0   120   438
   170  1299   514   212    21    39     7  -209     4   126   485
   160  1333   515   213    20    37     2  -206     1   131   445
   150  1233   517   215    19    35     6  -203     7   137   390
   140   459   518   216    17    40     4  -200     6   142   592
   130   301   523   218    19    34     4  -196     5   148   335
   120   354   504   216    18    28     9  -193     4   153   116
   110   416   464   217    11    27     5  -190    11   164   274
   100   457   426   217    13    27    10  -187    11   152   113
    90   483   401   217    12    26    14  -163    12   137    18
    80   513   389   218     9    25    24  -149    17   123    18
    70   725   366   218     5    26    34  -141    33   123    13
    60   837   339   221     2    23    45  -132    48   115    13
    50   852   321   223    -2    19    52  -113    53   112    12
    40   727   298   225    -5    17    60  -103    67   109     7
    30   535   262   229    -8    16    33   -85    51   104     6
    20   351   216   234    -9    16     5   -61    28    89     4
    10   198   172   242    -8    18     4   -34     9    74 -9999
$

   GPS LAT  GPS LONG   ROLL  PITCH AZIMUT   T IN  PmBARS  T OUT    RH%
   37.1965  -80.5780   -0.2    0.0  311.1   44.0   953.9   25.0   63.2                    

   BL# MONTH   DAY  YEAR  HOUR   MIN  VAL1  VAL2  VAL3  VAL4
   573     9     4  2017    19    10   763   848   651     0

  SPU1  SPU2  SPU3  SPU4 NOIS1 NOIS2 NOIS3 NOIS4 FEMAX SOFTW
     2     2     0     0  6302  6102  6101    29   110  9063

  FE11  FE12  FE21  FE22  SNR1  SNR2  SNR3  SNR4 CHECK   JAM
     8     8     8     8   105    95    96     0    70 10100

   ALT    CT SPEED   DIR     W    SW    SU    SV  U'V'  U'W'  ETAM

   190   805   495   216     4    15     1 -9999     3   121    22
   180  2196   519   216     4    16     3  -156     3   130    22
   170  2099   546   216     4    18     2  -168     3   140    20
   160  2002   573   216     4    19     2  -180     3   149    19
   150  1905   583   215     4    20     4  -192     5   158    19
   140  1808   566   212     3    21     1  -204     5   168    18
   130  1042   513   211     4    22     6  -216     5   177    19
   120   385   488   211     4    22     2  -228     4   158    20
   110   389   474   211     1    20     8  -204     8   135    16
   100   436   445   213     3    22    13  -190    10   129    18
    90   465   417   215     2    23    17  -186    16   124    19
    80   479   398   216    -3    24    25  -159    21   124    27
    70   576   381   218    -2    24    41  -149    24   120   122
    60   627   350   222    -4    21    34  -138    38   119    84
    50   628   327   225    -6    17    39  -113    44   119     8
    40   542   301   227    -9    16    60   -99    54   115     5
    30   413   268   229   -10    13    50   -85    53   106     4
    20   289   227   233   -13    15    14   -68    29    93     4
    10   185   166   251   -18    24     3   -22     9    76 -9999
$

   GPS LAT  GPS LONG   ROLL  PITCH AZIMUT   T IN  PmBARS  T OUT    RH%
   37.1965  -80.5780   -0.2   -0.1  311.0   43.6   953.9   24.6   63.9                    

   BL# MONTH   DAY  YEAR  HOUR   MIN  VAL1  VAL2  VAL3  VAL4
   573     9     4  2017    19    20  1067   806   730     0

  SPU1  SPU2  SPU3  SPU4 NOIS1 NOIS2 NOIS3 NOIS4 FEMAX SOFTW
     2     2     0     0  6303  6302  6101    29   110  9063

  FE11  FE12  FE21  FE22  SNR1  SNR2  SNR3  SNR4 CHECK   JAM
     8     8     8     8   105    95    96     0    71 10100

   ALT    CT SPEED   DIR     W    SW    SU    SV  U'V'  U'W'  ETAM

   190  1716   689   221    -9    20     3  -252     2   280  1902
   180  1791   663   220    -9    21     2  -247     1   263  1800
   170  1866   637   218   -10    22     3  -242     3   246  2022
   160  1940   611   217   -10    22     0  -236     2   229  1830
   150  1828   585   215   -10    23     0  -231     4   212  1566
   140   777   561   214    -9    24     8  -226     2   195  2535
   130   521   538   214   -11    25     7  -221     1   178  1306
   120   532   493   214   -11    24    13  -216     5   161    35
   110   548   455   215   -10    20    17  -207    12   155    73
   100   541   434   215    -9    19    14  -185    15   139    39
    90   507   415   216    -8    21    23  -167    18   129    86
    80   456   390   218    -9    22    33  -158    27   126   200
    70   498   365   222   -10    14    42  -144    26   121    67
    60   560   339   224   -10     9    57  -124    33   123    11
    50   607   309   228   -10     7    61  -108    34   118    -6
    40   578   277   232    -9     5    61   -87    66   112    -6
    30   464   245   236   -11    11    51   -66    55   105    16
    20   378   205   240   -13    18    13   -49    26    91    23
    10   355   158   251   -13    22     2   -21    10    72 -9999
$

   GPS LAT  GPS LONG   ROLL  PITCH AZIMUT   T IN  PmBARS  T OUT    RH%
   37.1965  -80.5780   -0.2   -0.1  311.0   43.3   953.9   24.3   65.0                    

   BL# MONTH   DAY  YEAR  HOUR   MIN  VAL1  VAL2  VAL3  VAL4
   573     9     4  2017    19    30   965  1025   754     0

  SPU1  SPU2  SPU3  SPU4 NOIS1 NOIS2 NOIS3 NOIS4 FEMAX SOFTW
     2     3     0     0  6303  6302  6202    29   110  9063

  FE11  FE12  FE21  FE22  SNR1  SNR2  SNR3  SNR4 CHECK   JAM
     8     8     8     8   114   105    96     0    71 10100

   ALT    CT SPEED   DIR     W    SW    SU    SV  U'V'  U'W'  ETAM

   190  1912   633   223    -3    23     1 -9999     5   260    17
   180  1950   609   221    -3    22     1  -219     2   245    18
   170  1989   585   220    -3    23     1  -215     2   230    19
   160  2028   564   219    -3    25     2  -211     5   216    20
   150  1902   543   217    -3    26     1  -207     0   201    21
   140   793   521   215    -3    28     1  -203     4   186    19
   130   536   495   213    -3    29     2  -199     6   171    21
   120   586   473   211    -4    31     3  -196     3   156    25
   110   613   452   213    -8    32    10  -192     6   137    28
   100   621   429   215    -9    26    10  -185    12   125    54
    90   577   402   218   -10    19    24  -170    26   128    46
    80   487   374   220   -10    13    37  -151    42   126     4
    70   489   343   222    -9     4    48  -134    55   122     1
    60   454   312   224    -9     1    56  -116    61   115     1
    50   423   278   225   -10     3    55   -99    52   108     1
    40   464   249   230   -11    10    56   -82    55    96     2
    30   356   219   238   -16    13    38   -61    50    94     4
    20   282   187   247   -20    14    16   -33    33    88     6
    10   298   140   254   -22    17     5   -15    11    65 -9999
$

   GPS LAT  GPS LONG   ROLL  PITCH AZIMUT   T IN  PmBARS  T OUT    RH%
   37.1965  -80.5780   -0.2    0.1  311.2   43.4   953.7   23.7   65.3                    

   BL# MONTH   DAY  YEAR  HOUR   MIN  VAL1  VAL2  VAL3  VAL4
   573     9     4  2017    19    40   753   942   687     0

  SPU1  SPU2  SPU3  SPU4 NOIS1 NOIS2 NOIS3 NOIS4 FEMAX SOFTW
     2     1     0     0  6502  6402  6302    29   110  9063

  FE11  FE12  FE21  FE22  SNR1  SNR2  SNR3  SNR4 CHECK   JAM
     8     8     8     8   105   105    96     0    72 10100

   ALT    CT SPEED   DIR     W    SW    SU    SV  U'V'  U'W'  ETAM

   190  2225   391   217    -1    26     3 -9999     3 -9999   281
   180  2369   385   219    -1    25     1 -9999     3   109   307
   170  2512   407   218    -1    27     2  -150     6   113   252
   160  2656   431   216    -1    28     0  -143     4   118   291
   150  2558   456   215    -1    29     2  -135     0   123   359
   140  1006   480   214    -1    26     1  -150     6   127   118
   130   598   499   213    -1    30     3  -165     4   132   407
   120   608   467   218    -1    33     3  -180     3   137   609
   110   599   436   219    -3    27     4  -195     9   141   178
   100   615   403   218    -4    23    14  -165     9   148    62
    90   599   374   218    -6    22    12  -149    17   136    42
    80   550   350   218    -9    26    15  -139    22   119    78
    70   539   336   219    -9    21    37  -126    28   110    61
    60   520   306   221   -10    21    42  -119    53   107    79
    50   492   277   225   -11    22    55  -103    44   100    91
    40   445   243   230   -13    15    50   -81    69    97    16
    30   388   213   234   -16    14    32   -59    55    88     3
    20   326   180   239   -16    16    13   -48    32    79     6
    10   262   135   263    -9    20     4    -4     9    64 -9999
$

   GPS LAT  GPS LONG   ROLL  PITCH AZIMUT   T IN  PmBARS  T OUT    RH%
   37.1965  -80.5780   -0.2   -0.1  311.1   43.2   953.8   23.4   66.7                    

   BL# MONTH   DAY  YEAR  HOUR   MIN  VAL1  VAL2  VAL3  VAL4
   573     9     4  2017    19    50   666   688   608     0

  SPU1  SPU2  SPU3  SPU4 NOIS1 NOIS2 NOIS3 NOIS4 FEMAX SOFTW
     2     1     0     0  6602  6502  6402    29   110  9063

  FE11  FE12  FE21  FE22  SNR1  SNR2  SNR3  SNR4 CHECK   JAM
     8     8     8     8   104   105    97     0    73 10100

   ALT    CT SPEED   DIR     W    SW    SU    SV  U'V'  U'W'  ETAM

   190  2297   500   212     7    20     2 -9999     1 -9999    35
   180  2396   485   212     7    21     1  -209     2   144    31
   170  2494   471   212     6    22     0  -202     3   141    39
   160  1738   457   213     7    22     2  -195     4   137    34
   150   414   445   213     8    23     6  -188     0   133    23
   140   482   430   213     3    24     4  -181     1   129    58
   130   485   415   213     1    23     4  -174     3   125   120
   120   474   387   214     0    22     4  -167     4   121   139
   110   497   367   217     1    19     9  -160     6   117    19
   100   507   333   218    -2    17    11  -146     6   110     3
    90   467   303   219    -5    15    19  -129    14   112     3
    80   380   291   221    -5    11    25  -111    12    96     6
    70   412   287   224   -12     4    34  -103    17    94     2
    60   506   271   229   -13     1    31   -95    28    99     0
    50   592   238   242   -12     1    32   -77    32   103     0
    40   545   216   253   -11     1    46   -33    56   103     0
    30   457   193   259   -10     7    24   -15    52    98     1
    20   337   154   260    -8    12    11    -3    20    80     3
    10   185   110   232    -8    14     4   -30     8    43 -9999
$

   GPS LAT  GPS LONG   ROLL  PITCH AZIMUT   T IN  PmBARS  T OUT    RH%
   37.1965  -80.5780   -0.2   -0.1  311.0   42.9   953.9   23.0   67.4                    

   BL# MONTH   DAY  YEAR  HOUR   MIN  VAL1  VAL2  VAL3  VAL4
   573     9     4  2017    20     0   707   575   606     0

  SPU1  SPU2  SPU3  SPU4 NOIS1 NOIS2 NOIS3 NOIS4 FEMAX SOFTW
     2     2     0     0  6602  6502  6302    29    91  9063

  FE11  FE12  FE21  FE22  SNR1  SNR2  SNR3  SNR4 CHECK   JAM
     8     8     8     8    95   105    97     0    73 10100

   ALT    CT SPEED   DIR     W    SW    SU    SV  U'V'  U'W'  ETAM

   190  2155   357   219    -7    25     2 -9999     2 -9999     5
   180  2258   370   216    -7    24     3  -138     2 -9999     5
   170  2361   385   213    -8    24     6  -132     1   117     5
   160  1665   398   211    -7    23     6  -125     3   114     6
   150   434   414   209    -6    23     5  -138     1   110     6
   140   477   416   207   -11    22     3  -151     3   107     5
   130   460   378   210   -11    20    11  -164     4   104     6
   120   420   368   210    -9    19     7  -177     3   101     6
   110   388   345   215    -8    18    19  -151     5    97     4
   100   356   325   221    -4    19    16  -147    11    94     8
    90   357   304   227    -3    18    28  -122     3   104     8
    80   401   284   234    -3    14    28  -102    10   109     5
    70   550   269   238    -1    12    23   -75    12   115     3
    60   613   242   247    -2     7    37   -63    15   112     1
    50   610   222   250    -4     1    41   -35    39   108     0
    40   544   205   250    -3     1    44   -28    56    98     0
    30   411   184   248   -10     1    30   -29    49    88     0
    20   294   151   248   -16     2    12   -28    13    73     0
    10   219   104   260   -20     6     7    -6     9    49 -9999
$

   GPS LAT  GPS LONG   ROLL  PITCH AZIMUT   T IN  PmBARS  T OUT    RH%
   37.1965  -80.5780   -0.3   -0.1  311.1   43.0   953.8   22.8   67.2                    

   BL# MONTH   DAY  YEAR  HOUR   MIN  VAL1  VAL2  VAL3  VAL4
   573     9     4  2017    20    10   849   656  1268     0

  SPU1  SPU2  SPU3  SPU4 NOIS1 NOIS2 NOIS3 NOIS4 FEMAX SOFTW
     2     2     0     0  6602  6503  6302    29    91  9063

  FE11  FE12  FE21  FE22  SNR1  SNR2  SNR3  SNR4 CHECK   JAM
     8     8     8     8   105    95    97     0    74 10100

   ALT    CT SPEED   DIR     W    SW    SU    SV  U'V'  U'W'  ETAM

   190  2513   601   222   -24    28     9  -243     4 -9999    17
   180   568   570   222   -27    31     4  -230     5   229    14
   170   613   538   222   -21    24     2  -217     2   216    21
   160   685   537   218   -14    17     2  -204     3   202    16
   150   674   525   216    -7    11     2  -191     2   189     3
   140   673   480   217     2    17     8  -178     4   176     7
   130   653   438   218     6    18     5  -204     1   163     8
   120   649   403   219     7    18     8  -179     3   150     7
   110   707   365   220     7    17    12  -158    11   137     5
   100   764   327   222     4    13    20  -141    14   127     2
    90   818   291   225     2     9    29  -121    19   115     1
    80   870   260   229     1     6    33  -100    28   105     0
    70   924   225   235    -2     2    44   -80    33   100     0
    60   906   182   237    -4     1    58   -57    58    93     0
    50   842   142   238    -5     1    49   -40    59    73     0
    40   758    92   230    -6     1    44   -30    43    52     0
    30   538    54   213    -6     3    26   -22    17    19     0
    20   354    39   193    -6     5     5   -20     4     7     0
    10   265    20   145    -7    11     1    -8     2    -5 -9999
$

   GPS LAT  GPS LONG   ROLL  PITCH AZIMUT   T IN  PmBARS  T OUT    RH%
   37.1965  -80.5780   -0.3   -0.1  311.1   43.2   953.7   22.4   67.9                    

   BL# MONTH   DAY  YEAR  HOUR   MIN  VAL1  VAL2  VAL3  VAL4
   573     9     4  2017    20    20  1040   919  1287     0

  SPU1  SPU2  SPU3  SPU4 NOIS1 NOIS2 NOIS3 NOIS4 FEMAX SOFTW
     2     2     0     0  6602  6503  6302    29    91  9063

  FE11  FE12  FE21  FE22  SNR1  SNR2  SNR3  SNR4 CHECK   JAM
     8     8     8     8   105    95    97     0    73 10100

   ALT    CT SPEED   DIR     W    SW    SU    SV  U'V'  U'W'  ETAM

   190  2534   505   226   -13    26     3  -129     3   223    29
   180   611   498   223   -13    27     2  -139     2   209    31
   170   510   492   219   -14    28     1  -148     5   195    26
   160   546   488   216   -14    29     1  -157     3   181    51
   150   558   471   214   -13    29     1  -167     3   168    94
   140   648   434   215   -10    23     3  -176     3   154    28
   130   714   419   217    -8    23     4  -186     7   140    10
   120   752   392   218    -7    22     7  -167    10   126    10
   110   742   363   220    -6    15    23  -154    12   128     4
   100   759   340   221    -9    12    22  -138    22   121     2
    90   810   316   222   -11    11    48  -120    34   117     3
    80   890   281   224   -11    10    55  -113    46   110     5
    70   884   239   225   -11     7    57   -95    63   100     1
    60   835   184   224   -11     7    70   -77    57    87     0
    50   732   123   223   -12     9    61   -57    54    60     0
    40   533    76   214   -13    10    44   -34    28    32     1
    30   341    29   198   -13    11    17   -24     8    11     1
    20   238    29    33   -12     8     2     8     6   -11     1
    10   260    55   353    -9     1     1    26     6     2 -9999
$

   GPS LAT  GPS LONG   ROLL  PITCH AZIMUT   T IN  PmBARS  T OUT    RH%
   37.1965  -80.5780   -0.3   -0.1  311.0   43.2   953.6   22.1   68.3                    

   BL# MONTH   DAY  YEAR  HOUR   MIN  VAL1  VAL2  VAL3  VAL4
   573     9     4  2017    20    30   863   842  1340     0

  SPU1  SPU2  SPU3  SPU4 NOIS1 NOIS2 NOIS3 NOIS4 FEMAX SOFTW
     2     2     0     0  6602  6403  6502    29   164  9063

  FE11  FE12  FE21  FE22  SNR1  SNR2  SNR3  SNR4 CHECK   JAM
     8     8     8     8   104    95    97     0    74 10100

   ALT    CT SPEED   DIR     W    SW    SU    SV  U'V'  U'W'  ETAM

   190  2486   404   209    10    31     2  -133     3   115    54
   180  2670   415   206     8    30     6  -143     2   110    74
   170  1298   425   204    12    28     3  -153     4   106    38
   160   555   444   204     9    29     1  -163     5   101    58
   150   571   449   206     0    31     6  -173     8    96   126
   140   579   427   211    -4    28     2  -184     6    91    60
   130   604   397   213    -7    27     5  -194     6   101    41
   120   637   363   214    -8    26     6  -173    10   114    58
   110   674   344   214    -9    22    16  -154    17   112   122
   100   784   308   215   -11    14    27  -136    22   102    51
    90   813   266   216   -12     7    39  -129    39    96     1
    80   736   228   216   -11     2    49  -104    53    84     1
    70   722   174   215   -14     1    71   -88    54    74     1
    60   639   111   210   -13     1    68   -65    49    51     1
    50   528    78   204   -12     2    47   -39    41    25     0
    40   455    57   171   -13     7    31   -30    21    11     0
    30   342    45   132   -12    10    15   -24     3   -19 -9999
    20   237    23    53    -9    11     3     3     5   -10 -9999
    10   157    45    25    -6     7     0    19     3   -10 -9999
$

   GPS LAT  GPS LONG   ROLL  PITCH AZIMUT   T IN  PmBARS  T OUT    RH%
   37.1965  -80.5780   -0.3   -0.1  311.1   43.2   953.6   21.8   69.3                    

   BL# MONTH   DAY  YEAR  HOUR   MIN  VAL1  VAL2  VAL3  VAL4
   573     9     4  2017    20    40   819   845  1198     0

  SPU1  SPU2  SPU3  SPU4 NOIS1 NOIS2 NOIS3 NOIS4 FEMAX SOFTW
     2     1     0     0  6402  6402  6201    29   164  9063

  FE11  FE12  FE21  FE22  SNR1  SNR2  SNR3  SNR4 CHECK   JAM
     8     8     8     8    95    96    97     0    72 10100

   ALT    CT SPEED   DIR     W    SW    SU    SV  U'V'  U'W'  ETAM

   190   593   334   228    -5    23     3   -73     3   119   142
   180   591   268   253    -5    20     2   -85     1   120   571
   170   574   410   217     1    25     3   -61     6   122   229
   160   617   479   212     4    24     2  -108     5   123    20
   150   703   448   216     1    18     4   -15     9   124    15
   140   647   402   218     1    13     6  -202     7   125    11
   130   627   354   219    -1     8     9  -175     8   138     6
   120   645   315   221    -3     5    14  -149    11   130     1
   110   724   279   220    -6     2    19  -126    19   113     0
   100   786   248   220    -7     1    26  -104    31   104     0
    90   779   212   221    -8     1    41   -93    41    85    -2
    80   693   165   224    -9     1    54   -81    63    76    -2
    70   599   119   228   -11     1    52   -57    56    59     1
    60   497    88   227   -11     1    39   -36    49    44     0
    50   399    48   218   -11     2    18   -25    19    29     0
    40   337    23   187   -12     8     9   -13    14     9     0
    30   254    20   119   -13    14     9    -9    11    -5     2
    20   183    31    71   -11    19     8     3     8   -13     4
    10   137    48    64    -6    24     3     9     6   -21 -9999
$

   GPS LAT  GPS LONG   ROLL  PITCH AZIMUT   T IN  PmBARS  T OUT    RH%
   37.1965  -80.5780   -0.3   -0.1  311.2   42.8   953.5   21.8   70.2                    

   BL# MONTH   DAY  YEAR  HOUR   MIN  VAL1  VAL2  VAL3  VAL4
   573     9     4  2017    20    50   759   621  1635     0

  SPU1  SPU2  SPU3  SPU4 NOIS1 NOIS2 NOIS3 NOIS4 FEMAX SOFTW
     2     1     0     0  6302  6402  6201    29   164  9063

  FE11  FE12  FE21  FE22  SNR1  SNR2  SNR3  SNR4 CHECK   JAM
     8     8     8     8    96    96    97     0    69 10100

   ALT    CT SPEED   DIR     W    SW    SU    SV  U'V'  U'W'  ETAM

   190   591   505   209    -2    27     3  -257     2   136   786
   180   702   476   210    -1    22     0  -240     2   133   120
   170   735   432   217     0    16     2  -223     3   129    25
   160   790   404   221     0    14     9  -206     7   125     8
   150   868   365   222     0    14    12  -189     8   122     8
   140   878   307   221    -2    12    10  -144    10   137     7
   130   889   273   220    -4    12    17  -131    20   133    22
   120   879   247   220    -7    11    23  -107    17   106    33
   110   816   218   222    -9     8    36   -96    24    88     3
   100   731   179   228   -12     4    42   -85    38    78    -3
    90   621   138   236   -15     1    54   -70    28    71    -1
    80   489   108   238   -17     1    36   -38    33    61     1
    70   435    83   240   -16     1    25   -27    18    48     0
    60   461    44   208   -13     1    19   -17    13    37     0
    50   523    44   202    -9     2     3   -18     6     6     0
    40   559    33   212    -6     4     8   -19    16    10     0
    30   503    21   222    -2    11    15    -7    16     8     3
    20   409    13   216    -2    20     6    -8     9     1     5
    10   287    38   276    -7    30     2     3     2    18 -9999
$

   GPS LAT  GPS LONG   ROLL  PITCH AZIMUT   T IN  PmBARS  T OUT    RH%
   37.1965  -80.5780   -0.3   -0.1  311.0   42.7   953.4   21.7   68.7                    

   BL# MONTH   DAY  YEAR  HOUR   MIN  VAL1  VAL2  VAL3  VAL4
   573     9     4  2017    21     0   687   476  1320     0

  SPU1  SPU2  SPU3  SPU4 NOIS1 NOIS2 NOIS3 NOIS4 FEMAX SOFTW
     1     1     0     0  6202  6302  6201    29   383  9063

  FE11  FE12  FE21  FE22  SNR1  SNR2  SNR3  SNR4 CHECK   JAM
     8     8     8     8    96    96    97     0    68 10100

   ALT    CT SPEED   DIR     W    SW    SU    SV  U'V'  U'W'  ETAM

   190 -9999 -9999 -9999 -9999 -9999 -9999 -9999 -9999 -9999 -9999
   180 -9999 -9999 -9999 -9999 -9999 -9999 -9999 -9999 -9999 -9999
   170 -9999 -9999 -9999 -9999 -9999 -9999 -9999 -9999 -9999 -9999
   160 -9999 -9999 -9999 -9999 -9999 -9999 -9999 -9999 -9999 -9999
   150 -9999 -9999 -9999 -9999 -9999 -9999 -9999 -9999 -9999 -9999
   140 -9999 -9999 -9999 -9999 -9999 -9999 -9999 -9999 -9999 -9999
   130 -9999 -9999 -9999 -9999 -9999 -9999 -9999 -9999 -9999 -9999
   120 -9999 -9999 -9999 -9999 -9999 -9999 -9999 -9999 -9999 -9999
   110 -9999 -9999 -9999 -9999 -9999 -9999 -9999 -9999 -9999 -9999
   100 -9999 -9999 -9999 -9999 -9999 -9999 -9999 -9999 -9999 -9999
    90 -9999 -9999 -9999 -9999 -9999 -9999 -9999 -9999 -9999 -9999
    80 -9999 -9999 -9999 -9999 -9999 -9999 -9999 -9999 -9999 -9999
    70 -9999 -9999 -9999 -9999 -9999 -9999 -9999 -9999 -9999 -9999
    60 -9999 -9999 -9999 -9999 -9999 -9999 -9999 -9999 -9999 -9999
    50 -9999 -9999 -9999 -9999 -9999 -9999 -9999 -9999 -9999 -9999
    40 -9999 -9999 -9999 -9999 -9999 -9999 -9999 -9999 -9999 -9999
    30 -9999 -9999 -9999 -9999 -9999 -9999 -9999 -9999 -9999 -9999
    20 -9999 -9999 -9999 -9999 -9999 -9999 -9999 -9999 -9999 -9999
    10 -9999 -9999 -9999 -9999 -9999 -9999 -9999 -9999 -9999 -9999
$

   GPS LAT  GPS LONG   ROLL  PITCH AZIMUT   T IN  PmBARS  T OUT    RH%
   37.1965  -80.5780   -0.3    0.0  311.2   42.3   953.3   21.6   69.8                    

   BL# MONTH   DAY  YEAR  HOUR   MIN  VAL1  VAL2  VAL3  VAL4
   573     9     4  2017    21    10   291   460   714     0

  SPU1  SPU2  SPU3  SPU4 NOIS1 NOIS2 NOIS3 NOIS4 FEMAX SOFTW
     1     2     0     0  6302  6302  6301    29   383  9063

  FE11  FE12  FE21  FE22  SNR1  SNR2  SNR3  SNR4 CHECK   JAM
     8     8     8     8    96    96    97     0    67 10100

   ALT    CT SPEED   DIR     W    SW    SU    SV  U'V'  U'W'  ETAM

   190  2012   288   259   -13    12     3   -15     5   157     0
   180  1942   274   262   -14    14     5   -16     1   149     0
   170  2064   294   257   -13    11     5   -13     3   142     0
   160  1510   315   264   -13    12     6   -19     5   135     0
   150   392   309   260   -15    16     8    -8     1   128     0
   140   402   304   238   -10     4     8   -30     6   142     0
   130   394   286   236    -7     1     8    13     7   157     0
   120   367   267   236    -6     2    11   -72     9   128     0
   110   309   237   236    -8     7    16   -72     8   117     1
   100   360   208   236    -9     3    11   -66     5   108     0
    90   394   166   237   -10     1    13   -55    17    92     0
    80   386   107   236   -11     1     9   -47    19    79     0
    70   359    67   223   -11     1    14   -26    16    49     0
    60   307    56   247   -10     1    11   -22    36    21     0
    50   271    35   250    -8     1     7    -5    34    25     0
    40   340     9   240    -6     2     6    -5    28    12     0
    30   283    17    80    -2     7     7     1    13    -5     0
    20   275    25    82     0    16    15     1    10   -18     0
    10   378    23   272    -1    28     6     1     8    11 -9999
$

   GPS LAT  GPS LONG   ROLL  PITCH AZIMUT   T IN  PmBARS  T OUT    RH%
   37.1965  -80.5780   -0.3    0.0  311.1   42.0   953.6   21.0   72.0                    

   BL# MONTH   DAY  YEAR  HOUR   MIN  VAL1  VAL2  VAL3  VAL4
   573     9     4  2017    21    20   510  1000  1337     0

  SPU1  SPU2  SPU3  SPU4 NOIS1 NOIS2 NOIS3 NOIS4 FEMAX SOFTW
     1     2     0     0  6302  6203  6201    29   383  9063

  FE11  FE12  FE21  FE22  SNR1  SNR2  SNR3  SNR4 CHECK   JAM
     8     8     8     8    96    96    97     0    65 10100

   ALT    CT SPEED   DIR     W    SW    SU    SV  U'V'  U'W'  ETAM

   190  2053   487   239    -9     4     1  -110     5   232     3
   180   606   482   236   -10     2     2  -105     4   223     1
   170   473   478   233    -7     5     8  -100     3   213     5
   160   516   455   234    -5     9     4  -110     3   204     7
   150   562   425   236    -5    13     6  -120     7   195     6
   140   560   399   237    -4    12     6  -130     4   186    26
   130   587   367   238    -4     7    11  -110     6   177    17
   120   625   312   244    -5     1    22   -97    13   167     0
   110   653   271   249    -6     1    20   -86    26   154     0
   100   596   239   252    -9     1    26   -51    29   135     0
    90   518   206   255   -10     1    22   -33    43   118     0
    80   435   165   260    -9     1    20   -24    42   103     0
    70   389   111   266    -9     1     8   -11    50    84     0
    60   476    69   267    -9     1     4     0    33    53     0
    50   593    42   294   -10     1     6     0    21    28     0
    40   540    42   320   -10     1    17    13    32    12     0
    30   465    56   330   -11     5    25    19    44    11     0
    20   354    75   334   -11    12    16    33    21    12     0
    10   196    77   331   -10    22     3    33     3    16 -9999
$

   GPS LAT  GPS LONG   ROLL  PITCH AZIMUT   T IN  PmBARS  T OUT    RH%
   37.1965  -80.5780   -0.3    0.0  311.2   42.0   953.6   20.8   72.3                    

   BL# MONTH   DAY  YEAR  HOUR   MIN  VAL1  VAL2  VAL3  VAL4
   573     9     4  2017    21    30   611  1179  1270     0

  SPU1  SPU2  SPU3  SPU4 NOIS1 NOIS2 NOIS3 NOIS4 FEMAX SOFTW
     2     2     1     0  6202  6202  6101    29   427  9063

  FE11  FE12  FE21  FE22  SNR1  SNR2  SNR3  SNR4 CHECK   JAM
     8     8     8     8    96    96    97     0    64 10100

   ALT    CT SPEED   DIR     W    SW    SU    SV  U'V'  U'W'  ETAM

   190  1733   457   236    -3     4     1  -123     4   205     0
   180  1818   443   237    -3     5     4  -119     2   199     0
   170  1902   431   237    -4     4     5  -115     6   193     0
   160  1420   418   237    -3     4     3  -110     1   187     0
   150   408   406   237    -3     6     1  -106     4   181     1
   140   517   396   237    -4     2     2  -102     3   175     0
   130   588   398   239    -5     3     7   -98     4   169     0
   120   636   371   241    -7     5    11   -94    11   163     0
   110   678   342   245    -8     2    19   -90    13   169     0
   100   670   313   249    -8     1    39   -76    34   158     0
    90   619   279   255    -8     1    49   -54    64   148     0
    80   527   248   263    -7     1    37   -37    67   136     0
    70   495   218   268    -7     1    24    -9    71   121     0
    60   525   178   275    -7     1    17     2    56   106     0
    50   575   126   266    -7     1     4    14    38    81     0
    40   566    74   260    -9     1     8    -8    47    50     0
    30   463    26   276    -9     1    13    -1    32    21 -9999
    20   337    24    49   -10     1     8     5     4    -7 -9999
    10   211    48    53   -11     1     3    13     2   -19 -9999
$

   GPS LAT  GPS LONG   ROLL  PITCH AZIMUT   T IN  PmBARS  T OUT    RH%
   37.1965  -80.5780   -0.3    0.0  311.1   41.8   953.6   20.9   69.8                    

   BL# MONTH   DAY  YEAR  HOUR   MIN  VAL1  VAL2  VAL3  VAL4
   573     9     4  2017    21    40   859  1359  1067     0

  SPU1  SPU2  SPU3  SPU4 NOIS1 NOIS2 NOIS3 NOIS4 FEMAX SOFTW
     1     1     0     0  6703  6704  6801    29   427  9063

  FE11  FE12  FE21  FE22  SNR1  SNR2  SNR3  SNR4 CHECK   JAM
     8     8     8     8   103    96    97     0    70 10100

   ALT    CT SPEED   DIR     W    SW    SU    SV  U'V'  U'W'  ETAM

   190  2484   364   243     1    27     5   -80     1   180   171
   180  2432   377   248    -2    26     3   -76     2   172   190
   170  1072   437   239     3    28     7   -73     0   164   155
   160   311   518   230     1    27     7   -70     2   156   170
   150   383   544   225   -10    22     8   -52     2   172   229
   140   391   484   226   -11    20     5  -118     2   188    65
   130   424   467   230   -12    18     2  -182     6   204    12
   120   461   431   233   -12    16    11  -158     6   172    15
   110   476   418   235   -10    15    12  -135     7   179    35
   100   514   398   236    -8    12    19  -112    11   168    16
    90   534   367   238    -8     9    43  -104    37   168     1
    80   526   323   242    -7     8    44   -91    56   159     1
    70   565   286   246    -8     3    62   -70    74   142     0
    60   538   242   253    -8     1    57   -50    98   128    -1
    50   473   193   265    -8     1    25   -24    61   110     0
    40   405   152   273    -8     1    24     6    69    83     0
    30   276   116   272    -8     1     8     9    36    60     0
    20   178    88   270    -5     1     6    -1    14    44     0
    10   144    69   290     3     1     0    13     4    30 -9999
$

   GPS LAT  GPS LONG   ROLL  PITCH AZIMUT   T IN  PmBARS  T OUT    RH%
   37.1965  -80.5780   -0.3    0.0  311.1   41.2   953.6   20.7   72.4                    

   BL# MONTH   DAY  YEAR  HOUR   MIN  VAL1  VAL2  VAL3  VAL4
   573     9     4  2017    21    50   600  1403  1085     0

  SPU1  SPU2  SPU3  SPU4 NOIS1 NOIS2 NOIS3 NOIS4 FEMAX SOFTW
     1     1     0     0  6102  6203  6201    29   427  9063

  FE11  FE12  FE21  FE22  SNR1  SNR2  SNR3  SNR4 CHECK   JAM
     8     8     8     8   103    96    96     0    66 10100

   ALT    CT SPEED   DIR     W    SW    SU    SV  U'V'  U'W'  ETAM

   190  3367   756   231   -21    24     0 -9999     1   332    13
   180  3151   725   231   -20    24     1  -235     1   318    14
   170  2934   694   231   -20    24     3  -224     3   304    15
   160  2031   665   231   -20    23     0  -214     5   290    15
   150   493   634   231   -21    23     6  -203     4   276    13
   140   458   597   230   -18    23     0  -193     5   262    17
   130   442   546   229   -17    18     4  -182     6   248    14
   120   437   522   230   -17    13     5  -172     9   234     9
   110   432   505   232   -17    11    11  -162     6   202     6
   100   480   478   234   -13    14    15  -146    22   198    10
    90   584   447   235   -11    12    16  -135    37   195     9
    80   743   419   236   -11     2    23  -116    47   184     1
    70   849   389   236   -12     1    45  -105    65   174     0
    60   967   341   239   -13     1    51   -96   100   160     0
    50  1027   282   246   -13     1    31   -71    93   142     0
    40   860   226   250   -12     1    38   -38    86   118     0
    30   638   154   247   -11     1    11   -24    51    88     0
    20   394    79   225    -9     9     6   -27     7    28     0
    10   139    57   239    -5    29     3   -13     7    24 -9999
$

   GPS LAT  GPS LONG   ROLL  PITCH AZIMUT   T IN  PmBARS  T OUT    RH%
   37.1965  -80.5780   -0.3    0.0  311.1   40.8   953.6   20.6   71.5                    

   BL# MONTH   DAY  YEAR  HOUR   MIN  VAL1  VAL2  VAL3  VAL4
   573     9     4  2017    22     0   643  1268   755     0

  SPU1  SPU2  SPU3  SPU4 NOIS1 NOIS2 NOIS3 NOIS4 FEMAX SOFTW
     1     2     0     0  5802  6402  6201    29   427  9063

  FE11  FE12  FE21  FE22  SNR1  SNR2  SNR3  SNR4 CHECK   JAM
     8     8     8     8   105    96    97     0    66 10100

   ALT    CT SPEED   DIR     W    SW    SU    SV  U'V'  U'W'  ETAM

   190   926  1053   228    -8    20     1 -9999     1 -9999    49
   180   970  1007   228    -7    19     1 -9999     5 -9999    47
   170  1014   959   228    -7    18     4  -335     4 -9999    44
   160  1058   909   229    -7    18     3  -316     1   395    45
   150  1102   858   229    -7    20     2  -297     5   372    48
   140  1146   806   229    -7    21     1  -278     6   350    38
   130   687   756   229    -7    22     3  -259     2   328    48
   120   169   705   229    -6    23     3  -240     3   306    53
   110   213   638   231    -9    20     4  -221     4   284    13
   100   289   586   234   -12    14     7  -202     5   262     6
    90   399   551   236   -14    11     4  -165    15   239     5
    80   550   526   236   -16    10    13  -139    17   227     2
    70   790   493   236   -14     7    22  -132    44   217     1
    60  1015   439   237   -14     4    48  -121    89   203     0
    50  1149   377   237   -15     1    51  -104    71   176     0
    40   996   327   239   -16     1    57   -82   104   147     0
    30   753   269   242   -16     1    22   -66    70   127     0
    20   481   196   250   -18     4     7   -31    23    95     0
    10   200   123   253   -22    12     2   -14     7    57 -9999
$

   GPS LAT  GPS LONG   ROLL  PITCH AZIMUT   T IN  PmBARS  T OUT    RH%
   37.1965  -80.5780   -0.3    0.0  311.1   40.5   953.9   20.6   70.1                    

   BL# MONTH   DAY  YEAR  HOUR   MIN  VAL1  VAL2  VAL3  VAL4
   573     9     4  2017    22    10   366   794   608     0

  SPU1  SPU2  SPU3  SPU4 NOIS1 NOIS2 NOIS3 NOIS4 FEMAX SOFTW
     0     2     0     0  6302  6602  6101    29   427  9063

  FE11  FE12  FE21  FE22  SNR1  SNR2  SNR3  SNR4 CHECK   JAM
     8     8     8     8    96    96    97     0    66 10100

   ALT    CT SPEED   DIR     W    SW    SU    SV  U'V'  U'W'  ETAM

   190 -9999 -9999 -9999 -9999 -9999 -9999 -9999 -9999 -9999 -9999
   180 -9999 -9999 -9999 -9999 -9999 -9999 -9999 -9999 -9999 -9999
   170 -9999 -9999 -9999 -9999 -9999 -9999 -9999 -9999 -9999 -9999
   160  1845   590   243    -7     8     6 -9999     1 -9999     1
   150  1783   577   242    -7     8     6  -113     3 -9999     1
   140  1721   565   241    -7     7     5  -115     1   261     1
   130   967   552   239    -6     8     0  -117     2   251     1
   120   156   540   238    -6     8     9  -119     1   242     1
   110   189   528   237    -6     6     3  -122     2   233     1
   100   383   515   236    -5     9     1  -124     6   224     1
    90   545   496   236    -5     8     5  -126     6   215     1
    80   627   468   237    -5     2     6  -128     5   205     0
    70   687   440   237    -2     3    23  -111    20   196     0
    60   748   395   239     1     4    42  -106    74   182     0
    50   823   351   240     4     6    34   -84    44   164     0
    40   948   300   244     8     9    43   -72    62   141     2
    30   861   243   255     8    13     8   -38    47   123 -9999
    20   760   185   268     6    19     3     4    29    95 -9999
    10   710   116   261     5    25     3    -6     4    55 -9999
$

   GPS LAT  GPS LONG   ROLL  PITCH AZIMUT   T IN  PmBARS  T OUT    RH%
   37.1965  -80.5780   -0.3    0.0  311.3   40.4   953.9   20.3   71.6                    

   BL# MONTH   DAY  YEAR  HOUR   MIN  VAL1  VAL2  VAL3  VAL4
   573     9     4  2017    22    20   138   561   549     0

  SPU1  SPU2  SPU3  SPU4 NOIS1 NOIS2 NOIS3 NOIS4 FEMAX SOFTW
     0     2     0     0  6202  6602  6101    29   427  9063

  FE11  FE12  FE21  FE22  SNR1  SNR2  SNR3  SNR4 CHECK   JAM
     8     8     8     8    96    96    97     0    66 10100

   ALT    CT SPEED   DIR     W    SW    SU    SV  U'V'  U'W'  ETAM

   190  2204   471   257     6    12     2   -42     9   271 -9999
   180  2110   441   257     5    11     3   -41     5   254 -9999
   170   992   414   257     5    13     3   -39     3   238 -9999
   160   289   384   257     5    13     4   -37     2   221     0
   150   296   355   256     4     8     4   -36     7   204     0
   140   293   330   257     5    10     5   -34     5   188     0
   130   246   322   265     5    12     6   -32     3   171     0
   120   181   305   268     4    15     7   -31     6   154     0
   110   133   293   272     4    19     4    -6    10   153     0
   100   876   287   275    -1    14     3     5    16   143     0
    90  1062   287   279    -7     8     5    15    10   136     0
    80   325   293   280   -12     2     0    25     2   132     0
    70   783   276   278    -3     1     2    35     9   137     0
    60  1053   244   270     0     1     7    25    33   131     0
    50  1158   216   268    -1     1    14     4    37   113     0
    40  1078   190   261    -1     1    10    -1    77    99     0
    30   802   131   254    -2     4     8   -19    42    83     0
    20   545    28   240    -4     4     6    -4     9    16     0
    10   384    33   137    -9     1     2   -12     1   -10 -9999
$

   GPS LAT  GPS LONG   ROLL  PITCH AZIMUT   T IN  PmBARS  T OUT    RH%
   37.1965  -80.5780   -0.3    0.0  311.1   40.5   954.0   20.3   72.0                    

   BL# MONTH   DAY  YEAR  HOUR   MIN  VAL1  VAL2  VAL3  VAL4
   573     9     4  2017    22    30   648  1746  1734     0

  SPU1  SPU2  SPU3  SPU4 NOIS1 NOIS2 NOIS3 NOIS4 FEMAX SOFTW
     1     1     0     0  6103  6103  6001    29   504  9063

  FE11  FE12  FE21  FE22  SNR1  SNR2  SNR3  SNR4 CHECK   JAM
     8     8     8     8    96    95    97     0    65 10100

   ALT    CT SPEED   DIR     W    SW    SU    SV  U'V'  U'W'  ETAM

   190  3084   516   250    -5    16     3   -88     2   271 -9999
   180   880   492   251    -5    16     7   -82     4   259 -9999
   170   722   475   248    -5    17     5   -76     2   247 -9999
   160   877   456   247    -3    15     6   -70     3   235 -9999
   150   994   434   248     1     9     0   -64     6   222 -9999
   140  1030   410   249     1     7    11   -76     8   210 -9999
   130   940   361   252     1     4    19   -73    20   198 -9999
   120   812   333   256     1     1    33   -63    34   190 -9999
   110   782   306   258    -1     1    31   -45    53   165 -9999
   100   685   277   260    -2     4    37   -25    63   154 -9999
    90   632   249   261    -3     4    31   -19    89   138 -9999
    80   660   220   261    -2     1    21   -12    87   123 -9999
    70   888   201   260    -2     1    12   -11    90   106 -9999
    60  1001   173   257    -3     1    11   -10    86    97 -9999
    50  1016   117   244    -4     1     6   -15    64    79 -9999
    40   928    77   222    -4     1    10   -25    62    37 -9999
    30   656    55   177    -3     1     6   -27    15    15 -9999
    20   375    89   121    -4     1     1   -24     0   -32 -9999
    10   146   123   112    -8     1     0   -25     4   -53 -9999
$

   GPS LAT  GPS LONG   ROLL  PITCH AZIMUT   T IN  PmBARS  T OUT    RH%
   37.1965  -80.5780   -0.3    0.0  311.1   40.9   953.7   20.0   73.1                    

   BL# MONTH   DAY  YEAR  HOUR   MIN  VAL1  VAL2  VAL3  VAL4
   573     9     4  2017    22    40  1027  1280  1380     0

  SPU1  SPU2  SPU3  SPU4 NOIS1 NOIS2 NOIS3 NOIS4 FEMAX SOFTW
     1     2     0     0  6002  6003  6001    29   504  9063

  FE11  FE12  FE21  FE22  SNR1  SNR2  SNR3  SNR4 CHECK   JAM
     8     8     8     8    96    95    97     0    65 10100

   ALT    CT SPEED   DIR     W    SW    SU    SV  U'V'  U'W'  ETAM

   190  2856   554   240   -25     8     3  -128     0   278     0
   180  3050   529   239   -24     7     3  -125     1   264     0
   170  1676   505   238   -25     8     4  -123     7   249     0
   160   840   474   239   -25     8     2  -120     3   235     0
   150   968   442   240   -21     4     3  -117     9   220     0
   140   988   412   239   -22     2    10  -114    13   206     0
   130   902   360   238   -21     1    23  -100    24   191     0
   120   787   326   237   -20     1    42   -93    48   180     0
   110   767   272   239   -22     1    85   -84    65   150     0
   100   681   204   242   -19     7    58   -76    86   132     1
    90   602   148   244   -16    11    52   -52    59   107     1
    80   551   122   245   -14    12    40   -29    49    70     1
    70   532   100   247   -11    14    37   -23    51    56     1
    60   474    63   253   -11     9    22   -16    43    45     1
    50   393    32   256   -13     1    10    -5    21    26     0
    40   310    17   267   -15     1    16    -2    12    10     0
    30   194    23   330   -15     1     5     2    10     6 -9999
    20    97    57   353   -16     5     4    30     6     4 -9999
    10    39    34    19   -17    13     5    15     1    -6 -9999
$

   GPS LAT  GPS LONG   ROLL  PITCH AZIMUT   T IN  PmBARS  T OUT    RH%
   37.1965  -80.5780   -0.3    0.0  311.3   40.8   953.8   19.8   72.3                    

   BL# MONTH   DAY  YEAR  HOUR   MIN  VAL1  VAL2  VAL3  VAL4
   573     9     4  2017    22    50   681  1217  1591     0

  SPU1  SPU2  SPU3  SPU4 NOIS1 NOIS2 NOIS3 NOIS4 FEMAX SOFTW
     1     2     0     0  6302  5904  6401    29   504  9063

  FE11  FE12  FE21  FE22  SNR1  SNR2  SNR3  SNR4 CHECK   JAM
     8     8     8     8    94    94    98     0    67 10100

   ALT    CT SPEED   DIR     W    SW    SU    SV  U'V'  U'W'  ETAM

   190 -9999 -9999 -9999 -9999 -9999 -9999 -9999 -9999 -9999 -9999
   180 -9999 -9999 -9999 -9999 -9999 -9999 -9999 -9999 -9999 -9999
   170 -9999 -9999 -9999 -9999 -9999 -9999 -9999 -9999 -9999 -9999
   160 -9999 -9999 -9999 -9999 -9999 -9999 -9999 -9999 -9999 -9999
   150 -9999 -9999 -9999 -9999 -9999 -9999 -9999 -9999 -9999 -9999
   140 -9999 -9999 -9999 -9999 -9999 -9999 -9999 -9999 -9999 -9999
   130 -9999 -9999 -9999 -9999 -9999 -9999 -9999 -9999 -9999 -9999
   120 -9999 -9999 -9999 -9999 -9999 -9999 -9999 -9999 -9999 -9999
   110 -9999 -9999 -9999 -9999 -9999 -9999 -9999 -9999 -9999 -9999
   100 -9999 -9999 -9999 -9999 -9999 -9999 -9999 -9999 -9999 -9999
    90 -9999 -9999 -9999 -9999 -9999 -9999 -9999 -9999 -9999 -9999
    80 -9999 -9999 -9999 -9999 -9999 -9999 -9999 -9999 -9999 -9999
    70 -9999 -9999 -9999 -9999 -9999 -9999 -9999 -9999 -9999 -9999
    60 -9999 -9999 -9999 -9999 -9999 -9999 -9999 -9999 -9999 -9999
    50 -9999 -9999 -9999 -9999 -9999 -9999 -9999 -9999 -9999 -9999
    40 -9999 -9999 -9999 -9999 -9999 -9999 -9999 -9999 -9999 -9999
    30 -9999 -9999 -9999 -9999 -9999 -9999 -9999 -9999 -9999 -9999
    20 -9999 -9999 -9999 -9999 -9999 -9999 -9999 -9999 -9999 -9999
    10 -9999 -9999 -9999 -9999 -9999 -9999 -9999 -9999 -9999 -9999
$

   GPS LAT  GPS LONG   ROLL  PITCH AZIMUT   T IN  PmBARS  T OUT    RH%
   37.1965  -80.5780   -0.3    0.0  311.1   40.4   953.7   19.6   73.0                    

   BL# MONTH   DAY  YEAR  HOUR   MIN  VAL1  VAL2  VAL3  VAL4
   573     9     4  2017    23     0   596  1066  1278     0

  SPU1  SPU2  SPU3  SPU4 NOIS1 NOIS2 NOIS3 NOIS4 FEMAX SOFTW
     2     1     0     0  5703  5802  5901    29  3104  9063

  FE11  FE12  FE21  FE22  SNR1  SNR2  SNR3  SNR4 CHECK   JAM
     8     8     8     8    95    96    98     0    64 10100

   ALT    CT SPEED   DIR     W    SW    SU    SV  U'V'  U'W'  ETAM

   190 -9999 -9999 -9999 -9999 -9999 -9999 -9999 -9999 -9999 -9999
   180 -9999 -9999 -9999 -9999 -9999 -9999 -9999 -9999 -9999 -9999
   170 -9999 -9999 -9999 -9999 -9999 -9999 -9999 -9999 -9999 -9999
   160 -9999 -9999 -9999 -9999 -9999 -9999 -9999 -9999 -9999 -9999
   150 -9999 -9999 -9999 -9999 -9999 -9999 -9999 -9999 -9999 -9999
   140 -9999 -9999 -9999 -9999 -9999 -9999 -9999 -9999 -9999 -9999
   130 -9999 -9999 -9999 -9999 -9999 -9999 -9999 -9999 -9999 -9999
   120 -9999 -9999 -9999 -9999 -9999 -9999 -9999 -9999 -9999 -9999
   110 -9999 -9999 -9999 -9999 -9999 -9999 -9999 -9999 -9999 -9999
   100 -9999 -9999 -9999 -9999 -9999 -9999 -9999 -9999 -9999 -9999
    90 -9999 -9999 -9999 -9999 -9999 -9999 -9999 -9999 -9999 -9999
    80 -9999 -9999 -9999 -9999 -9999 -9999 -9999 -9999 -9999 -9999
    70 -9999 -9999 -9999 -9999 -9999 -9999 -9999 -9999 -9999 -9999
    60 -9999 -9999 -9999 -9999 -9999 -9999 -9999 -9999 -9999 -9999
    50 -9999 -9999 -9999 -9999 -9999 -9999 -9999 -9999 -9999 -9999
    40 -9999 -9999 -9999 -9999 -9999 -9999 -9999 -9999 -9999 -9999
    30 -9999 -9999 -9999 -9999 -9999 -9999 -9999 -9999 -9999 -9999
    20 -9999 -9999 -9999 -9999 -9999 -9999 -9999 -9999 -9999 -9999
    10 -9999 -9999 -9999 -9999 -9999 -9999 -9999 -9999 -9999 -9999
$

   GPS LAT  GPS LONG   ROLL  PITCH AZIMUT   T IN  PmBARS  T OUT    RH%
   37.1965  -80.5780   -0.3    0.0  311.1   40.2   953.7   19.5   72.8                    

   BL# MONTH   DAY  YEAR  HOUR   MIN  VAL1  VAL2  VAL3  VAL4
   573     9     4  2017    23    10  1044  1399  1713     0

  SPU1  SPU2  SPU3  SPU4 NOIS1 NOIS2 NOIS3 NOIS4 FEMAX SOFTW
     2     2     0     0  5703  5703  5801    29  3104  9063

  FE11  FE12  FE21  FE22  SNR1  SNR2  SNR3  SNR4 CHECK   JAM
     8     8     8     8    96    96    97     0    63 10100

   ALT    CT SPEED   DIR     W    SW    SU    SV  U'V'  U'W'  ETAM

   190   986   538   235   -13    28     6  -160     7   -21    36
   180  1074   486   235    -7    28    13  -162     7   255    48
   170  1154   458   235    -3    25    11  -150    15   243    31
   160  1203   416   236     0    20    24  -135    19   223    17
   150  1212   374   236     2    14    31  -121    35   193    13
   140  1141   335   239     2    13    36  -111    33   182     4
   130   978   279   245     1    15    45   -96    51   157     6
   120   784   233   254     0    18    41   -81    46   144    10
   110   654   203   261    -1    14    38   -50    76   121     3
   100   529   172   264    -2     6    27   -20    84   107     1
    90   442   135   262    -3     1    27    -3    88    91     0
    80   406    84   249    -6     1    23    -3    38    74     0
    70   391    35   234    -9     1    13   -13    30    43     0
    60   331    37   201   -10     3    20    -8    15    11     0
    50   249    46   174   -11     6    23   -19    10     4     0
    40   180    50   175   -10     2    16   -24     9    -4     0
    30    95    46   182    -4     1     9   -26     6     2 -9999
    20    42    32   185     1     1     1   -15     2     4 -9999
    10    44    36   156     2     1     0   -16     3    -6 -9999
$

   GPS LAT  GPS LONG   ROLL  PITCH AZIMUT   T IN  PmBARS  T OUT    RH%
   37.1965  -80.5780   -0.3    0.0  311.2   40.3   953.8   19.4   72.2                    

   BL# MONTH   DAY  YEAR  HOUR   MIN  VAL1  VAL2  VAL3  VAL4
   573     9     4  2017    23    20  1034  1477  1432     0

  SPU1  SPU2  SPU3  SPU4 NOIS1 NOIS2 NOIS3 NOIS4 FEMAX SOFTW
     2     2     0     0  5802  5703  5701    29  3104  9063

  FE11  FE12  FE21  FE22  SNR1  SNR2  SNR3  SNR4 CHECK   JAM
     8     8     8     8    96    96    97     0    64 10100

   ALT    CT SPEED   DIR     W    SW    SU    SV  U'V'  U'W'  ETAM

   190   854   489   234    -9    25     4  -168     3   247    57
   180   948   460   235    -9    22     5  -159     5   234    35
   170   998   423   233    -9    17     8  -150    14   221    24
   160  1038   389   232    -8    10    11  -124    16   195    14
   150  1073   352   233    -7     2    33  -113    28   184     2
   140   970   309   234    -7     1    54  -113    39   159     1
   130   826   274   237    -7     1    53  -100    49   145     0
   120   667   229   242    -7     2    58   -83    59   126     0
   110   552   195   249    -6     7    53   -66    73   113     1
   100   424   164   251    -7    10    39   -41    87    97     2
    90   326   127   248    -7    11    24   -22    62    84     2
    80   273    73   236    -6    10     7   -20    41    67     0
    70   226    42   168    -5     3    12   -18    17    37     0
    60   191    46   177    -5     1    15   -21     9    -8     0
    50   162    32   166    -7     2    13   -23     7     0     0
    40   139    22   194   -11     7    15   -12    10    -5     0
    30    94    22   238   -16     4     8    -7    15    11     0
    20    55    11   256   -22     1     8     0     4     7     0
    10    30    13   159   -25     1     1    -6     1    -2 -9999
$

   GPS LAT  GPS LONG   ROLL  PITCH AZIMUT   T IN  PmBARS  T OUT    RH%
   37.1965  -80.5780   -0.3    0.0  311.2   40.0   953.7   19.7   72.8                    

   BL# MONTH   DAY  YEAR  HOUR   MIN  VAL1  VAL2  VAL3  VAL4
   573     9     4  2017    23    30   371   775   948     0

  SPU1  SPU2  SPU3  SPU4 NOIS1 NOIS2 NOIS3 NOIS4 FEMAX SOFTW
     1     1     0     0  5902  5803  5701    29  3104  9063

  FE11  FE12  FE21  FE22  SNR1  SNR2  SNR3  SNR4 CHECK   JAM
     8     8     8     8    96    96    97     0    64 10100

   ALT    CT SPEED   DIR     W    SW    SU    SV  U'V'  U'W'  ETAM

   190  2091   475   238    -6     1     4   -93     2   226     0
   180   628   450   239    -9     1     4  -100     1   216     0
   170   449   432   239    -5     1     2  -106     3   206     0
   160   442   403   239    -2     2    10  -113     5   197     0
   150   382   373   241     0     3     8  -100     3   187     0
   140   334   348   243    -1     2     9   -97     5   178     0
   130   273   324   246    -3     1    13   -81    17   163     0
   120   244   271   254    -6     1    23   -71    20   153     0
   110   344   234   262    -5     1    19   -56    17   145     0
   100   428   202   268    -3     1    17   -22    11   123     0
    90   452   165   274    -2     1    12    -3    39   106     0
    80   402   131   286    -2     1    12     6    47    87     0
    70   405   103   296    -3     1     7    21    81    62     0
    60   381    59   299    -3     1    12    25    58    43     0
    50   340    33   317    -3     1     8    13     8    20     0
    40   301    20    15    -3     1    24    11     8     5     0
    30   206    21    50    -2     1     7     6    10   -11     0
    20   129    15    31    -2     3     0     6     2    -2     0
    10    97    32    64    -4     9     2     6     2   -14 -9999
$

   GPS LAT  GPS LONG   ROLL  PITCH AZIMUT   T IN  PmBARS  T OUT    RH%
   37.1965  -80.5780   -0.3    0.0  311.3   39.8   953.8   19.5   71.4                    

   BL# MONTH   DAY  YEAR  HOUR   MIN  VAL1  VAL2  VAL3  VAL4
   573     9     4  2017    23    40   855   853  1057     0

  SPU1  SPU2  SPU3  SPU4 NOIS1 NOIS2 NOIS3 NOIS4 FEMAX SOFTW
     1     1     0     0  5802  5803  5802    29  3104  9063

  FE11  FE12  FE21  FE22  SNR1  SNR2  SNR3  SNR4 CHECK   JAM
     8     8     8     8    96    96    97     0    64 10100

   ALT    CT SPEED   DIR     W    SW    SU    SV  U'V'  U'W'  ETAM

   190   571   504   231   -18     2     6  -160     4   216     0
   180   592   478   233   -17     3     5  -169     6   208     0
   170   547   439   234   -14     2     9  -151     3   201     0
   160   477   404   234   -11     3    12  -142     6   194     1
   150   389   377   234   -10     6    14  -126    13   187     2
   140   283   353   235   -13     2    22  -107    17   170     0
   130   796   317   239   -14     1    24  -100    18   154     0
   120  1258   286   242   -16     1    16   -92    23   145     0
   110   457   248   252   -17     1    16   -72    15   133     0
   100   475   212   258   -16     1    10   -56    10   122     0
    90   562   175   261   -15     1    13   -17    13   111     0
    80   523   145   266   -15     1    30   -11    50    89     0
    70   563   107   264   -15     1    50     0    82    73     0
    60   513    77   258   -14     1    50    -2    56    51     0
    50   407     5   204   -13     1    33    -7     8    33     0
    40   306    24    35   -12     1    17     0     4   -14     0
    30   175    44   354   -10     1     6    18     7     0     0
    20    77    57   357   -10     4     2    26     5     2     0
    10    39    67    17   -13    13     1    30     1   -11 -9999
$

   GPS LAT  GPS LONG   ROLL  PITCH AZIMUT   T IN  PmBARS  T OUT    RH%
   37.1965  -80.5780   -0.3    0.0  311.2   39.8   953.8   19.2   71.8                    

   BL# MONTH   DAY  YEAR  HOUR   MIN  VAL1  VAL2  VAL3  VAL4
   573     9     4  2017    23    50   400  1053  1420     0

  SPU1  SPU2  SPU3  SPU4 NOIS1 NOIS2 NOIS3 NOIS4 FEMAX SOFTW
     1     1     0     0  5603  5701  5901    29  3104  9063

  FE11  FE12  FE21  FE22  SNR1  SNR2  SNR3  SNR4 CHECK   JAM
     8     8     8     8    96    96    97     0    64 10100

   ALT    CT SPEED   DIR     W    SW    SU    SV  U'V'  U'W'  ETAM

   190  2096   519   238   -19     1     5  -146     2   259 -9999
   180   719   489   238   -20     1     6  -137     4   245 -9999
   170   555   460   238   -18     1     2  -128     2   230 -9999
   160   588   429   239   -16     1     6  -119     4   216 -9999
   150   547   398   240   -13     1     6  -111     3   202 -9999
   140   553   361   243   -10     1     9  -102    12   187 -9999
   130   485   323   250   -10     1    15   -92    18   173 -9999
   120   450   293   252   -12     2    21   -75    29   158 -9999
   110   692   279   257   -16     6    23   -45    28   147 -9999
   100   930   267   266   -16     3    23   -34    25   132 -9999
    90  1086   250   270   -16     1    15   -15    47   130 -9999
    80  1124   225   265   -16     1    11    11    62   124 -9999
    70   965   193   265   -13     1    14    -3   112   111 -9999
    60   753   144   259   -13     1    14    -2   106    93 -9999
    50   517    72   246   -14     1    14   -11    47    64 -9999
    40   312    16   217   -16     1    10   -14    11    15 -9999
    30   164    31    50   -22     1     6     1     8    -6 -9999
    20    70    85    41   -25     5     8    25     5   -25 -9999
    10    37   140    41   -25    16     3    48     1   -46 -9999
$
