
   GPS LAT  GPS LONG   ROLL  PITCH AZIMUT   T IN  PmBARS  T OUT    RH%
   38.1878  -78.6937    0.5   -1.3  297.1   21.5   966.7   12.2   39.5                    

   BL# MONTH   DAY  YEAR  HOUR   MIN  VAL1  VAL2  VAL3  VAL4
   573     4     7  2017    10    35     0     0     0     0

  SPU1  SPU2  SPU3  SPU4 NOIS1 NOIS2 NOIS3 NOIS4 FEMAX SOFTW
 -9999 -9999 -9999     0  6103  6502  6201    29 -9999  9063

  FE11  FE12  FE21  FE22  SNR1  SNR2  SNR3  SNR4 CHECK   JAM
 -9999 -9999 -9999 -9999   106   106   108     0    68 10086

   ALT    CT SPEED   DIR     W    SW    SU    SV  U'V'  U'W'  ETAM

   195 -9999 -9999 -9999 -9999 -9999 -9999 -9999 -9999 -9999 -9999
   190 -9999 -9999 -9999 -9999 -9999 -9999 -9999 -9999 -9999 -9999
   185 -9999 -9999 -9999 -9999 -9999 -9999 -9999 -9999 -9999 -9999
   180 -9999 -9999 -9999 -9999 -9999 -9999 -9999 -9999 -9999 -9999
   175 -9999 -9999 -9999 -9999 -9999 -9999 -9999 -9999 -9999 -9999
   170 -9999 -9999 -9999 -9999 -9999 -9999 -9999 -9999 -9999 -9999
   165 -9999 -9999 -9999 -9999 -9999 -9999 -9999 -9999 -9999 -9999
   160 -9999 -9999 -9999 -9999 -9999 -9999 -9999 -9999 -9999 -9999
   155 -9999 -9999 -9999 -9999 -9999 -9999 -9999 -9999 -9999 -9999
   150 -9999 -9999 -9999 -9999 -9999 -9999 -9999 -9999 -9999 -9999
   145 -9999 -9999 -9999 -9999 -9999 -9999 -9999 -9999 -9999 -9999
   140 -9999 -9999 -9999 -9999 -9999 -9999 -9999 -9999 -9999 -9999
   135 -9999 -9999 -9999 -9999 -9999 -9999 -9999 -9999 -9999 -9999
   130 -9999 -9999 -9999 -9999 -9999 -9999 -9999 -9999 -9999 -9999
   125 -9999 -9999 -9999 -9999 -9999 -9999 -9999 -9999 -9999 -9999
   120 -9999 -9999 -9999 -9999 -9999 -9999 -9999 -9999 -9999 -9999
   115 -9999 -9999 -9999 -9999 -9999 -9999 -9999 -9999 -9999 -9999
   110 -9999 -9999 -9999 -9999 -9999 -9999 -9999 -9999 -9999 -9999
   105 -9999 -9999 -9999 -9999 -9999 -9999 -9999 -9999 -9999 -9999
   100 -9999 -9999 -9999 -9999 -9999 -9999 -9999 -9999 -9999 -9999
    95 -9999 -9999 -9999 -9999 -9999 -9999 -9999 -9999 -9999 -9999
    90 -9999 -9999 -9999 -9999 -9999 -9999 -9999 -9999 -9999 -9999
    85 -9999 -9999 -9999 -9999 -9999 -9999 -9999 -9999 -9999 -9999
    80 -9999 -9999 -9999 -9999 -9999 -9999 -9999 -9999 -9999 -9999
    75 -9999 -9999 -9999 -9999 -9999 -9999 -9999 -9999 -9999 -9999
    70 -9999 -9999 -9999 -9999 -9999 -9999 -9999 -9999 -9999 -9999
    65 -9999 -9999 -9999 -9999 -9999 -9999 -9999 -9999 -9999 -9999
    60 -9999 -9999 -9999 -9999 -9999 -9999 -9999 -9999 -9999 -9999
    55 -9999 -9999 -9999 -9999 -9999 -9999 -9999 -9999 -9999 -9999
    50 -9999 -9999 -9999 -9999 -9999 -9999 -9999 -9999 -9999 -9999
    45 -9999 -9999 -9999 -9999 -9999 -9999 -9999 -9999 -9999 -9999
    40 -9999 -9999 -9999 -9999 -9999 -9999 -9999 -9999 -9999 -9999
    35 -9999 -9999 -9999 -9999 -9999 -9999 -9999 -9999 -9999 -9999
    30 -9999 -9999 -9999 -9999 -9999 -9999 -9999 -9999 -9999 -9999
    25 -9999 -9999 -9999 -9999 -9999 -9999 -9999 -9999 -9999 -9999
    20 -9999 -9999 -9999 -9999 -9999 -9999 -9999 -9999 -9999 -9999
    15 -9999 -9999 -9999 -9999 -9999 -9999 -9999 -9999 -9999 -9999
$

   GPS LAT  GPS LONG   ROLL  PITCH AZIMUT   T IN  PmBARS  T OUT    RH%
   38.1878  -78.6937   -0.2   -0.8  297.6   21.8   966.7   12.8   38.3                    

   BL# MONTH   DAY  YEAR  HOUR   MIN  VAL1  VAL2  VAL3  VAL4
   573     4     7  2017    10    40     0    12    42     0

  SPU1  SPU2  SPU3  SPU4 NOIS1 NOIS2 NOIS3 NOIS4 FEMAX SOFTW
 -9999 -9999 -9999     0  6303  6302  5901    29 -9999  9063

  FE11  FE12  FE21  FE22  SNR1  SNR2  SNR3  SNR4 CHECK   JAM
 -9999 -9999 -9999 -9999   114   116   108     0    65 10084

   ALT    CT SPEED   DIR     W    SW    SU    SV  U'V'  U'W'  ETAM

   195 -9999 -9999 -9999 -9999 -9999 -9999 -9999 -9999 -9999 -9999
   190 -9999 -9999 -9999 -9999 -9999 -9999 -9999 -9999 -9999 -9999
   185 -9999 -9999 -9999 -9999 -9999 -9999 -9999 -9999 -9999 -9999
   180 -9999 -9999 -9999 -9999 -9999 -9999 -9999 -9999 -9999 -9999
   175 -9999 -9999 -9999 -9999 -9999 -9999 -9999 -9999 -9999 -9999
   170 -9999 -9999 -9999 -9999 -9999 -9999 -9999 -9999 -9999 -9999
   165 -9999 -9999 -9999 -9999 -9999 -9999 -9999 -9999 -9999 -9999
   160 -9999 -9999 -9999 -9999 -9999 -9999 -9999 -9999 -9999 -9999
   155 -9999 -9999 -9999 -9999 -9999 -9999 -9999 -9999 -9999 -9999
   150 -9999 -9999 -9999 -9999 -9999 -9999 -9999 -9999 -9999 -9999
   145 -9999 -9999 -9999 -9999 -9999 -9999 -9999 -9999 -9999 -9999
   140 -9999 -9999 -9999 -9999 -9999 -9999 -9999 -9999 -9999 -9999
   135 -9999 -9999 -9999 -9999 -9999 -9999 -9999 -9999 -9999 -9999
   130 -9999 -9999 -9999 -9999 -9999 -9999 -9999 -9999 -9999 -9999
   125 -9999 -9999 -9999 -9999 -9999 -9999 -9999 -9999 -9999 -9999
   120 -9999 -9999 -9999 -9999 -9999 -9999 -9999 -9999 -9999 -9999
   115 -9999 -9999 -9999 -9999 -9999 -9999 -9999 -9999 -9999 -9999
   110 -9999 -9999 -9999 -9999 -9999 -9999 -9999 -9999 -9999 -9999
   105 -9999 -9999 -9999 -9999 -9999 -9999 -9999 -9999 -9999 -9999
   100 -9999 -9999 -9999 -9999 -9999 -9999 -9999 -9999 -9999 -9999
    95 -9999 -9999 -9999 -9999 -9999 -9999 -9999 -9999 -9999 -9999
    90 -9999 -9999 -9999 -9999 -9999 -9999 -9999 -9999 -9999 -9999
    85 -9999 -9999 -9999 -9999 -9999 -9999 -9999 -9999 -9999 -9999
    80 -9999 -9999 -9999 -9999 -9999 -9999 -9999 -9999 -9999 -9999
    75 -9999 -9999 -9999 -9999 -9999 -9999 -9999 -9999 -9999 -9999
    70 -9999 -9999 -9999 -9999 -9999 -9999 -9999 -9999 -9999 -9999
    65 -9999 -9999 -9999 -9999 -9999 -9999 -9999 -9999 -9999 -9999
    60 -9999 -9999 -9999 -9999 -9999 -9999 -9999 -9999 -9999 -9999
    55 -9999 -9999 -9999 -9999 -9999 -9999 -9999 -9999 -9999 -9999
    50 -9999 -9999 -9999 -9999 -9999 -9999 -9999 -9999 -9999 -9999
    45 -9999 -9999 -9999 -9999 -9999 -9999 -9999 -9999 -9999 -9999
    40 -9999 -9999 -9999 -9999 -9999 -9999 -9999 -9999 -9999 -9999
    35 -9999 -9999 -9999 -9999 -9999 -9999 -9999 -9999 -9999 -9999
    30 -9999 -9999 -9999 -9999 -9999 -9999 -9999 -9999 -9999 -9999
    25 -9999 -9999 -9999 -9999 -9999 -9999 -9999 -9999 -9999 -9999
    20 -9999 -9999 -9999 -9999 -9999 -9999 -9999 -9999 -9999 -9999
    15 -9999 -9999 -9999 -9999 -9999 -9999 -9999 -9999 -9999 -9999
$

   GPS LAT  GPS LONG   ROLL  PITCH AZIMUT   T IN  PmBARS  T OUT    RH%
   38.1878  -78.6937   -0.1   -0.8  297.7   22.2   966.6   13.2   37.8                    

   BL# MONTH   DAY  YEAR  HOUR   MIN  VAL1  VAL2  VAL3  VAL4
   573     4     7  2017    10    45    40    27    95     0

  SPU1  SPU2  SPU3  SPU4 NOIS1 NOIS2 NOIS3 NOIS4 FEMAX SOFTW
 -9999 -9999 -9999     0  5403  5703  5801    29 -9999  9063

  FE11  FE12  FE21  FE22  SNR1  SNR2  SNR3  SNR4 CHECK   JAM
 -9999 -9999 -9999 -9999   124   126   106     0    62 10084

   ALT    CT SPEED   DIR     W    SW    SU    SV  U'V'  U'W'  ETAM

   195 -9999 -9999 -9999 -9999 -9999 -9999 -9999 -9999 -9999 -9999
   190 -9999 -9999 -9999 -9999 -9999 -9999 -9999 -9999 -9999 -9999
   185 -9999 -9999 -9999 -9999 -9999 -9999 -9999 -9999 -9999 -9999
   180 -9999 -9999 -9999 -9999 -9999 -9999 -9999 -9999 -9999 -9999
   175 -9999 -9999 -9999 -9999 -9999 -9999 -9999 -9999 -9999 -9999
   170 -9999 -9999 -9999 -9999 -9999 -9999 -9999 -9999 -9999 -9999
   165 -9999 -9999 -9999 -9999 -9999 -9999 -9999 -9999 -9999 -9999
   160 -9999 -9999 -9999 -9999 -9999 -9999 -9999 -9999 -9999 -9999
   155 -9999 -9999 -9999 -9999 -9999 -9999 -9999 -9999 -9999 -9999
   150 -9999 -9999 -9999 -9999 -9999 -9999 -9999 -9999 -9999 -9999
   145 -9999 -9999 -9999 -9999 -9999 -9999 -9999 -9999 -9999 -9999
   140 -9999 -9999 -9999 -9999 -9999 -9999 -9999 -9999 -9999 -9999
   135 -9999 -9999 -9999 -9999 -9999 -9999 -9999 -9999 -9999 -9999
   130  3603  1191   266    38   140 -9999 -9999 -9999 -9999 -9999
   125  3678  1161   266    38   141 -9999 -9999 -9999 -9999   512
   120  3752  1132   266    37   142 -9999 -9999 -9999 -9999   512
   115  3827  1105   266    35   142     0 -9999     0 -9999   512
   110  3319  1077   266    35   143     0 -9999     0 -9999   512
   105  2039  1048   266    39   143     0 -9999     0 -9999   512
   100   758  1020   266    42   144     0 -9999     0 -9999   512
    95   372   990   266    40   144     0 -9999     1 -9999   512
    90   457   964   266    31   145     0 -9999     1 -9999   512
    85   543   936   266    27   146     1 -9999     2 -9999   512
    80   534   906   265    35   146     0 -9999     0 -9999   512
    75   512   878   266    52   147     0 -9999     0 -9999   512
    70   494   848   265    61   147     2   434     0 -9999   512
    65   512   818   265    57   144     0   410     0   409   512
    60   530   808   266    49   140     0   386     0   386   512
    55   532   816   269    44   138     0   362     0   364   512
    50   500   821   272    40   139     0   338     0   342   512
    45   467   830   276    35   139     0   314     0   320   512
    40   412   840   279    32   138     2   290     1   297 -9999
    35   338   830   282    29   135     3   266     3   275 -9999
    30   265   810   284    27   132     2   299     3   253 -9999
    25   299   782   285    31   130     2   348     1   204 -9999
    20   365   743   286    39   128     2   342     1   169 -9999
    15   431   705   287    46   126     3   307     6   134 -9999
$

   GPS LAT  GPS LONG   ROLL  PITCH AZIMUT   T IN  PmBARS  T OUT    RH%
   38.1879  -78.6937   -0.1   -0.9  297.5   22.5   966.9   12.8   38.4                    

   BL# MONTH   DAY  YEAR  HOUR   MIN  VAL1  VAL2  VAL3  VAL4
   573     4     7  2017    10    50     0     0     0     0

  SPU1  SPU2  SPU3  SPU4 NOIS1 NOIS2 NOIS3 NOIS4 FEMAX SOFTW
 -9999 -9999 -9999     0  6202  5803  5801    29 -9999  9063

  FE11  FE12  FE21  FE22  SNR1  SNR2  SNR3  SNR4 CHECK   JAM
 -9999 -9999 -9999 -9999   115   106   108     0    64 10100

   ALT    CT SPEED   DIR     W    SW    SU    SV  U'V'  U'W'  ETAM

   185 -9999 -9999 -9999 -9999 -9999 -9999 -9999 -9999 -9999 -9999
   175 -9999 -9999 -9999 -9999 -9999 -9999 -9999 -9999 -9999 -9999
   165 -9999 -9999 -9999 -9999 -9999 -9999 -9999 -9999 -9999 -9999
   155 -9999 -9999 -9999 -9999 -9999 -9999 -9999 -9999 -9999 -9999
   145 -9999 -9999 -9999 -9999 -9999 -9999 -9999 -9999 -9999 -9999
   135 -9999 -9999 -9999 -9999 -9999 -9999 -9999 -9999 -9999 -9999
   125 -9999 -9999 -9999 -9999 -9999 -9999 -9999 -9999 -9999 -9999
   115 -9999 -9999 -9999 -9999 -9999 -9999 -9999 -9999 -9999 -9999
   105 -9999 -9999 -9999 -9999 -9999 -9999 -9999 -9999 -9999 -9999
    95 -9999 -9999 -9999 -9999 -9999 -9999 -9999 -9999 -9999 -9999
    85 -9999 -9999 -9999 -9999 -9999 -9999 -9999 -9999 -9999 -9999
    75 -9999 -9999 -9999 -9999 -9999 -9999 -9999 -9999 -9999 -9999
    65 -9999 -9999 -9999 -9999 -9999 -9999 -9999 -9999 -9999 -9999
    55 -9999 -9999 -9999 -9999 -9999 -9999 -9999 -9999 -9999 -9999
    45 -9999 -9999 -9999 -9999 -9999 -9999 -9999 -9999 -9999 -9999
    35 -9999 -9999 -9999 -9999 -9999 -9999 -9999 -9999 -9999 -9999
    25 -9999 -9999 -9999 -9999 -9999 -9999 -9999 -9999 -9999 -9999
    15 -9999 -9999 -9999 -9999 -9999 -9999 -9999 -9999 -9999 -9999
$

   GPS LAT  GPS LONG   ROLL  PITCH AZIMUT   T IN  PmBARS  T OUT    RH%
   38.1879  -78.6937   -0.2   -0.9  297.4   22.7   967.2   12.9   38.0                    

   BL# MONTH   DAY  YEAR  HOUR   MIN  VAL1  VAL2  VAL3  VAL4
   573     4     7  2017    10    55    28    20    12     0

  SPU1  SPU2  SPU3  SPU4 NOIS1 NOIS2 NOIS3 NOIS4 FEMAX SOFTW
 -9999 -9999 -9999     0  7003  7103  7301    29 -9999  9063

  FE11  FE12  FE21  FE22  SNR1  SNR2  SNR3  SNR4 CHECK   JAM
 -9999 -9999 -9999 -9999   114   115   108     0    77 10100

   ALT    CT SPEED   DIR     W    SW    SU    SV  U'V'  U'W'  ETAM

   185 -9999 -9999 -9999 -9999 -9999 -9999 -9999 -9999 -9999 -9999
   175 -9999 -9999 -9999 -9999 -9999 -9999 -9999 -9999 -9999 -9999
   165 -9999 -9999 -9999 -9999 -9999 -9999 -9999 -9999 -9999 -9999
   155 -9999 -9999 -9999 -9999 -9999 -9999 -9999 -9999 -9999 -9999
   145 -9999 -9999 -9999 -9999 -9999 -9999 -9999 -9999 -9999 -9999
   135 -9999 -9999 -9999 -9999 -9999 -9999 -9999 -9999 -9999 -9999
   125 -9999 -9999 -9999 -9999 -9999 -9999 -9999 -9999 -9999 -9999
   115  2339   860   276  -101    84     1 -9999     0   260 -9999
   105  2262   823   277  -100    89     2   348     1   243 -9999
    95  1730   786   278   -99    94     0   334     0   226 -9999
    85   264   750   279   -98    99     0   319     1   209 -9999
    75  1407   716   280   -97   104     1   305     0   192 -9999
    65  2080   725   275   -96   110     1   291     3   175 -9999
    55  1992   711   282   -95   113     2   276     4   209 -9999
    45   660   724   289   -94   103     4   305     5   141 -9999
    35   392   751   294   -93   117     2   334     3   122 -9999
    25   429   795   300   -92   135     5   346     3    78 -9999
    15   461  1023   307   -91   152     1   487     0    35 -9999
$

   GPS LAT  GPS LONG   ROLL  PITCH AZIMUT   T IN  PmBARS  T OUT    RH%
   38.1879  -78.6937   -0.1   -0.9  297.5   22.8   967.0   12.9   36.8                    

   BL# MONTH   DAY  YEAR  HOUR   MIN  VAL1  VAL2  VAL3  VAL4
   573     4     7  2017    11     0    46    28    61     0

  SPU1  SPU2  SPU3  SPU4 NOIS1 NOIS2 NOIS3 NOIS4 FEMAX SOFTW
 -9999 -9999 -9999     0  6002  5703  5801    29 -9999  9063

  FE11  FE12  FE21  FE22  SNR1  SNR2  SNR3  SNR4 CHECK   JAM
 -9999 -9999 -9999 -9999   125   124   108     0    63 10100

   ALT    CT SPEED   DIR     W    SW    SU    SV  U'V'  U'W'  ETAM

   185 -9999 -9999 -9999 -9999 -9999 -9999 -9999 -9999 -9999 -9999
   175 -9999 -9999 -9999 -9999 -9999 -9999 -9999 -9999 -9999 -9999
   165 -9999 -9999 -9999 -9999 -9999 -9999 -9999 -9999 -9999 -9999
   155 -9999 -9999 -9999 -9999 -9999 -9999 -9999 -9999 -9999 -9999
   145 -9999 -9999 -9999 -9999 -9999 -9999 -9999 -9999 -9999 -9999
   135 -9999 -9999 -9999 -9999 -9999 -9999 -9999 -9999 -9999 -9999
   125 -9999 -9999 -9999 -9999 -9999 -9999 -9999 -9999 -9999 -9999
   115 -9999 -9999 -9999 -9999 -9999 -9999 -9999 -9999 -9999 -9999
   105 -9999 -9999 -9999 -9999 -9999 -9999 -9999 -9999 -9999 -9999
    95 -9999 -9999 -9999 -9999 -9999 -9999 -9999 -9999 -9999 -9999
    85 -9999 -9999 -9999 -9999 -9999 -9999 -9999 -9999 -9999 -9999
    75 -9999 -9999 -9999 -9999 -9999 -9999 -9999 -9999 -9999 -9999
    65 -9999 -9999 -9999 -9999 -9999 -9999 -9999 -9999 -9999 -9999
    55 -9999 -9999 -9999 -9999 -9999 -9999 -9999 -9999 -9999 -9999
    45 -9999 -9999 -9999 -9999 -9999 -9999 -9999 -9999 -9999 -9999
    35 -9999 -9999 -9999 -9999 -9999 -9999 -9999 -9999 -9999 -9999
    25 -9999 -9999 -9999 -9999 -9999 -9999 -9999 -9999 -9999 -9999
    15 -9999 -9999 -9999 -9999 -9999 -9999 -9999 -9999 -9999 -9999
$

   GPS LAT  GPS LONG   ROLL  PITCH AZIMUT   T IN  PmBARS  T OUT    RH%
   38.1879  -78.6937   -0.5   -0.9  297.3   22.8   967.1   12.4   37.4                    

   BL# MONTH   DAY  YEAR  HOUR   MIN  VAL1  VAL2  VAL3  VAL4
   573     4     7  2017    11     5    41    43    37     0

  SPU1  SPU2  SPU3  SPU4 NOIS1 NOIS2 NOIS3 NOIS4 FEMAX SOFTW
     0     1     0     0  6202  6404  5801    29 -9999  9063

  FE11  FE12  FE21  FE22  SNR1  SNR2  SNR3  SNR4 CHECK   JAM
 -9999 -9999 -9999 -9999    97    98    99     0    64 10100

   ALT    CT SPEED   DIR     W    SW    SU    SV  U'V'  U'W'  ETAM

   185 -9999 -9999 -9999 -9999 -9999 -9999 -9999 -9999 -9999 -9999
   175 -9999 -9999 -9999 -9999 -9999 -9999 -9999 -9999 -9999 -9999
   165 -9999 -9999 -9999 -9999 -9999 -9999 -9999 -9999 -9999 -9999
   155 -9999 -9999 -9999 -9999 -9999 -9999 -9999 -9999 -9999 -9999
   145 -9999 -9999 -9999 -9999 -9999 -9999 -9999 -9999 -9999 -9999
   135 -9999 -9999 -9999 -9999 -9999 -9999 -9999 -9999 -9999 -9999
   125 -9999 -9999 -9999 -9999 -9999 -9999 -9999 -9999 -9999 -9999
   115   489   703   283   -58   128     0   285     1 -9999   297
   105   145   706   284   -61   121     4   291     0   162   316
    95   160   711   285   -64   114     2   297     0   155   323
    85   170   714   286   -67   107     3   303     1   149   270
    75   181   721   287   -62   100     0   309     1   142   378
    65   209   726   289   -66    94     3   315     2   136   312
    55   255   743   288   -73    90     2   321     4   129   190
    45   331   738   286   -46   104     4   328     4   142   764
    35   278   762   286   -33   106     6   308     6   155 -9999
    25   276   850   289   -32   112     4   376     6   150 -9999
    15   415   858   289   -44   131     1   380     4   150 -9999
$

   GPS LAT  GPS LONG   ROLL  PITCH AZIMUT   T IN  PmBARS  T OUT    RH%
   38.1879  -78.6937   -0.2   -0.9  297.3   22.6   966.9   12.1   36.4                    

   BL# MONTH   DAY  YEAR  HOUR   MIN  VAL1  VAL2  VAL3  VAL4
   573     4     7  2017    11    10    74    71   144     0

  SPU1  SPU2  SPU3  SPU4 NOIS1 NOIS2 NOIS3 NOIS4 FEMAX SOFTW
     0     1     0     0  6105  6604  6501    29 -9999  9063

  FE11  FE12  FE21  FE22  SNR1  SNR2  SNR3  SNR4 CHECK   JAM
 -9999 -9999 -9999 -9999    95    96    98     0    68 10100

   ALT    CT SPEED   DIR     W    SW    SU    SV  U'V'  U'W'  ETAM

   185 -9999 -9999 -9999 -9999 -9999 -9999 -9999 -9999 -9999 -9999
   175 -9999 -9999 -9999 -9999 -9999 -9999 -9999 -9999 -9999 -9999
   165 -9999 -9999 -9999 -9999 -9999 -9999 -9999 -9999 -9999 -9999
   155 -9999 -9999 -9999 -9999 -9999 -9999 -9999 -9999 -9999 -9999
   145 -9999 -9999 -9999 -9999 -9999 -9999 -9999 -9999 -9999 -9999
   135 -9999 -9999 -9999 -9999 -9999 -9999 -9999 -9999 -9999 -9999
   125  2725   413   263   -97   153     1   143     4 -9999 -9999
   115  2531   426   264   -90   152     5   136     3   143 -9999
   105  1384   445   266   -97   152     2   130     3   147 -9999
    95   306   466   267   -98   151     7   143     3   150 -9999
    85   290   487   268   -73   151     4   156     0   153 -9999
    75   276   508   270   -65   155     3   170     3   156 -9999
    65   297   529   271   -53   158     6   183     3   159 -9999
    55   349   535   271   -37   157     8   197     4   162 -9999
    45   403   501   268   -21   145     7   194     7   166 -9999
    35   330   453   264   -13   129     9   152     6   161 -9999
    25   294   425   265   -11   114    10   138     2   147 -9999
    15   377   425   267   -16   101     5   146     7   140 -9999
$

   GPS LAT  GPS LONG   ROLL  PITCH AZIMUT   T IN  PmBARS  T OUT    RH%
   38.1879  -78.6937   -0.1   -0.8  297.6   22.6   967.3   11.6   37.9                    

   BL# MONTH   DAY  YEAR  HOUR   MIN  VAL1  VAL2  VAL3  VAL4
   573     4     7  2017    11    15    98    55   173     0

  SPU1  SPU2  SPU3  SPU4 NOIS1 NOIS2 NOIS3 NOIS4 FEMAX SOFTW
     0     1     0     0  6204  6104  6501    29 -9999  9063

  FE11  FE12  FE21  FE22  SNR1  SNR2  SNR3  SNR4 CHECK   JAM
 -9999 -9999 -9999 -9999    95    95    98     0    68 10100

   ALT    CT SPEED   DIR     W    SW    SU    SV  U'V'  U'W'  ETAM

   185 -9999 -9999 -9999 -9999 -9999 -9999 -9999 -9999 -9999 -9999
   175 -9999 -9999 -9999 -9999 -9999 -9999 -9999 -9999 -9999 -9999
   165 -9999 -9999 -9999 -9999 -9999 -9999 -9999 -9999 -9999 -9999
   155 -9999 -9999 -9999 -9999 -9999 -9999 -9999 -9999 -9999 -9999
   145 -9999 -9999 -9999 -9999 -9999 -9999 -9999 -9999 -9999 -9999
   135 -9999 -9999 -9999 -9999 -9999 -9999 -9999 -9999 -9999 -9999
   125 -9999 -9999 -9999 -9999 -9999 -9999 -9999 -9999 -9999 -9999
   115 -9999 -9999 -9999 -9999 -9999 -9999 -9999 -9999 -9999 -9999
   105 -9999 -9999 -9999 -9999 -9999 -9999 -9999 -9999 -9999 -9999
    95   318   502   267     0   136     1   181     1 -9999 -9999
    85   307   513   264    14   126     2   174     0   159 -9999
    75   380   525   261    -9   150     1   167     1   175 -9999
    65   436   538   258   -27   164     1   160     1   191 -9999
    55   463   553   255   -42   169     7   153     1   207 -9999
    45   445   540   257   -73   173     3   146     1   223 -9999
    35   352   541   257   -85   164     8   156     4   191 -9999
    25   283   577   254   -79   151     3   144     2   255 -9999
    15   287   442   274   -49   137     3   167     1   127 -9999
$

   GPS LAT  GPS LONG   ROLL  PITCH AZIMUT   T IN  PmBARS  T OUT    RH%
   38.1879  -78.6937   -0.1   -0.9  297.7   22.5   967.1   11.0   38.5                    

   BL# MONTH   DAY  YEAR  HOUR   MIN  VAL1  VAL2  VAL3  VAL4
   573     4     7  2017    11    20   129    12    76     0

  SPU1  SPU2  SPU3  SPU4 NOIS1 NOIS2 NOIS3 NOIS4 FEMAX SOFTW
     1     2     1     0  6202  5503  5501    29     0  9063

  FE11  FE12  FE21  FE22  SNR1  SNR2  SNR3  SNR4 CHECK   JAM
     9     9     9     9    96    95    98     0    61 10100

   ALT    CT SPEED   DIR     W    SW    SU    SV  U'V'  U'W'  ETAM

   185 -9999 -9999 -9999 -9999 -9999 -9999 -9999 -9999 -9999 -9999
   175 -9999 -9999 -9999 -9999 -9999 -9999 -9999 -9999 -9999 -9999
   165 -9999 -9999 -9999 -9999 -9999 -9999 -9999 -9999 -9999 -9999
   155 -9999 -9999 -9999 -9999 -9999 -9999 -9999 -9999 -9999 -9999
   145 -9999 -9999 -9999 -9999 -9999 -9999 -9999 -9999 -9999 -9999
   135 -9999 -9999 -9999 -9999 -9999 -9999 -9999 -9999 -9999 -9999
   125 -9999 -9999 -9999 -9999 -9999 -9999 -9999 -9999 -9999 -9999
   115 -9999 -9999 -9999 -9999 -9999 -9999 -9999 -9999 -9999 -9999
   105 -9999 -9999 -9999 -9999 -9999 -9999 -9999 -9999 -9999 -9999
    95 -9999 -9999 -9999 -9999 -9999 -9999 -9999 -9999 -9999 -9999
    85 -9999 -9999 -9999 -9999 -9999 -9999 -9999 -9999 -9999 -9999
    75 -9999 -9999 -9999 -9999 -9999 -9999 -9999 -9999 -9999 -9999
    65 -9999 -9999 -9999 -9999 -9999 -9999 -9999 -9999 -9999 -9999
    55 -9999 -9999 -9999 -9999 -9999 -9999 -9999 -9999 -9999 -9999
    45 -9999 -9999 -9999 -9999 -9999 -9999 -9999 -9999 -9999 -9999
    35 -9999 -9999 -9999 -9999 -9999 -9999 -9999 -9999 -9999 -9999
    25 -9999 -9999 -9999 -9999 -9999 -9999 -9999 -9999 -9999 -9999
    15 -9999 -9999 -9999 -9999 -9999 -9999 -9999 -9999 -9999 -9999
$

   GPS LAT  GPS LONG   ROLL  PITCH AZIMUT   T IN  PmBARS  T OUT    RH%
   38.1879  -78.6937   -0.1   -0.7  298.1   22.2   967.2   10.6   38.0                    

   BL# MONTH   DAY  YEAR  HOUR   MIN  VAL1  VAL2  VAL3  VAL4
   573     4     7  2017    11    25   146    36   142     0

  SPU1  SPU2  SPU3  SPU4 NOIS1 NOIS2 NOIS3 NOIS4 FEMAX SOFTW
     1     2     1     0  6202  5703  5801    29     0  9063

  FE11  FE12  FE21  FE22  SNR1  SNR2  SNR3  SNR4 CHECK   JAM
     9     9     9     9    96    95    98     0    64 10100

   ALT    CT SPEED   DIR     W    SW    SU    SV  U'V'  U'W'  ETAM

   185 -9999 -9999 -9999 -9999 -9999 -9999 -9999 -9999 -9999 -9999
   175 -9999 -9999 -9999 -9999 -9999 -9999 -9999 -9999 -9999 -9999
   165 -9999 -9999 -9999 -9999 -9999 -9999 -9999 -9999 -9999 -9999
   155 -9999 -9999 -9999 -9999 -9999 -9999 -9999 -9999 -9999 -9999
   145 -9999 -9999 -9999 -9999 -9999 -9999 -9999 -9999 -9999 -9999
   135 -9999 -9999 -9999 -9999 -9999 -9999 -9999 -9999 -9999 -9999
   125 -9999 -9999 -9999 -9999 -9999 -9999 -9999 -9999 -9999 -9999
   115 -9999 -9999 -9999 -9999 -9999 -9999 -9999 -9999 -9999 -9999
   105 -9999 -9999 -9999 -9999 -9999 -9999 -9999 -9999 -9999 -9999
    95 -9999 -9999 -9999 -9999 -9999 -9999 -9999 -9999 -9999 -9999
    85 -9999 -9999 -9999 -9999 -9999 -9999 -9999 -9999 -9999 -9999
    75 -9999 -9999 -9999 -9999 -9999 -9999 -9999 -9999 -9999 -9999
    65 -9999 -9999 -9999 -9999 -9999 -9999 -9999 -9999 -9999 -9999
    55 -9999 -9999 -9999 -9999 -9999 -9999 -9999 -9999 -9999 -9999
    45 -9999 -9999 -9999 -9999 -9999 -9999 -9999 -9999 -9999 -9999
    35 -9999 -9999 -9999 -9999 -9999 -9999 -9999 -9999 -9999 -9999
    25 -9999 -9999 -9999 -9999 -9999 -9999 -9999 -9999 -9999 -9999
    15 -9999 -9999 -9999 -9999 -9999 -9999 -9999 -9999 -9999 -9999
$

   GPS LAT  GPS LONG   ROLL  PITCH AZIMUT   T IN  PmBARS  T OUT    RH%
   38.1879  -78.6937   -0.2   -0.9  297.5   21.8   967.3   10.2   40.3                    

   BL# MONTH   DAY  YEAR  HOUR   MIN  VAL1  VAL2  VAL3  VAL4
   573     4     7  2017    11    30   117    50   242     0

  SPU1  SPU2  SPU3  SPU4 NOIS1 NOIS2 NOIS3 NOIS4 FEMAX SOFTW
     1     2     1     0  5502  5403  5201    29     0  9063

  FE11  FE12  FE21  FE22  SNR1  SNR2  SNR3  SNR4 CHECK   JAM
     9     9     9     9    97    97    99     0    57 10100

   ALT    CT SPEED   DIR     W    SW    SU    SV  U'V'  U'W'  ETAM

   185 -9999 -9999 -9999 -9999 -9999 -9999 -9999 -9999 -9999 -9999
   175 -9999 -9999 -9999 -9999 -9999 -9999 -9999 -9999 -9999 -9999
   165 -9999 -9999 -9999 -9999 -9999 -9999 -9999 -9999 -9999 -9999
   155 -9999 -9999 -9999 -9999 -9999 -9999 -9999 -9999 -9999 -9999
   145 -9999 -9999 -9999 -9999 -9999 -9999 -9999 -9999 -9999 -9999
   135 -9999 -9999 -9999 -9999 -9999 -9999 -9999 -9999 -9999 -9999
   125 -9999 -9999 -9999 -9999 -9999 -9999 -9999 -9999 -9999 -9999
   115 -9999 -9999 -9999 -9999 -9999 -9999 -9999 -9999 -9999 -9999
   105 -9999 -9999 -9999 -9999 -9999 -9999 -9999 -9999 -9999 -9999
    95 -9999 -9999 -9999 -9999 -9999 -9999 -9999 -9999 -9999 -9999
    85 -9999 -9999 -9999 -9999 -9999 -9999 -9999 -9999 -9999 -9999
    75 -9999 -9999 -9999 -9999 -9999 -9999 -9999 -9999 -9999 -9999
    65 -9999 -9999 -9999 -9999 -9999 -9999 -9999 -9999 -9999 -9999
    55 -9999 -9999 -9999 -9999 -9999 -9999 -9999 -9999 -9999 -9999
    45 -9999 -9999 -9999 -9999 -9999 -9999 -9999 -9999 -9999 -9999
    35 -9999 -9999 -9999 -9999 -9999 -9999 -9999 -9999 -9999 -9999
    25 -9999 -9999 -9999 -9999 -9999 -9999 -9999 -9999 -9999 -9999
    15 -9999 -9999 -9999 -9999 -9999 -9999 -9999 -9999 -9999 -9999
$

   GPS LAT  GPS LONG   ROLL  PITCH AZIMUT   T IN  PmBARS  T OUT    RH%
   38.1879  -78.6937   -0.2   -0.9  297.7   21.8   967.3   10.2   41.7                    

   BL# MONTH   DAY  YEAR  HOUR   MIN  VAL1  VAL2  VAL3  VAL4
   573     4     7  2017    11    35    96    70   212     0

  SPU1  SPU2  SPU3  SPU4 NOIS1 NOIS2 NOIS3 NOIS4 FEMAX SOFTW
     2     1     1     0  6302  6502  6601    29     0  9063

  FE11  FE12  FE21  FE22  SNR1  SNR2  SNR3  SNR4 CHECK   JAM
     9     9     9     9   107    94    99     0    71 10100

   ALT    CT SPEED   DIR     W    SW    SU    SV  U'V'  U'W'  ETAM

   185 -9999 -9999 -9999 -9999 -9999 -9999 -9999 -9999 -9999 -9999
   175 -9999 -9999 -9999 -9999 -9999 -9999 -9999 -9999 -9999 -9999
   165 -9999 -9999 -9999 -9999 -9999 -9999 -9999 -9999 -9999 -9999
   155 -9999 -9999 -9999 -9999 -9999 -9999 -9999 -9999 -9999 -9999
   145 -9999 -9999 -9999 -9999 -9999 -9999 -9999 -9999 -9999 -9999
   135 -9999 -9999 -9999 -9999 -9999 -9999 -9999 -9999 -9999 -9999
   125 -9999 -9999 -9999 -9999 -9999 -9999 -9999 -9999 -9999 -9999
   115 -9999 -9999 -9999 -9999 -9999 -9999 -9999 -9999 -9999 -9999
   105   282   805   263   -45   109     3 -9999     2 -9999   351
    95   287   773   263   -24   125     1   259     2   292   335
    85   312   744   263   -33   150     5   248     2   279   319
    75   351   714   263    -9   154     3   237     1   266   345
    65   402   684   263     3   153     1   226     7   253   325
    55   453   654   263    -1   152     5   215     5   240   283
    45   448   623   263   -15   165     3   203     2   227   414
    35   349   593   263   -20   166     2   192     2   214   240
    25   252   567   262   -34   164     9   181     5   201    78
    15   207   562   257   -68   164     5   158     3   216 -9999
$

   GPS LAT  GPS LONG   ROLL  PITCH AZIMUT   T IN  PmBARS  T OUT    RH%
   38.1879  -78.6937   -0.2   -0.9  297.5   21.7   967.4    9.9   39.8                    

   BL# MONTH   DAY  YEAR  HOUR   MIN  VAL1  VAL2  VAL3  VAL4
   573     4     7  2017    11    40   112    60   144     0

  SPU1  SPU2  SPU3  SPU4 NOIS1 NOIS2 NOIS3 NOIS4 FEMAX SOFTW
     2     1     1     0  5902  6202  6001    29     0  9063

  FE11  FE12  FE21  FE22  SNR1  SNR2  SNR3  SNR4 CHECK   JAM
     9     9     9     9   108    94    99     0    66 10100

   ALT    CT SPEED   DIR     W    SW    SU    SV  U'V'  U'W'  ETAM

   185 -9999 -9999 -9999 -9999 -9999 -9999 -9999 -9999 -9999 -9999
   175 -9999 -9999 -9999 -9999 -9999 -9999 -9999 -9999 -9999 -9999
   165 -9999 -9999 -9999 -9999 -9999 -9999 -9999 -9999 -9999 -9999
   155 -9999 -9999 -9999 -9999 -9999 -9999 -9999 -9999 -9999 -9999
   145 -9999 -9999 -9999 -9999 -9999 -9999 -9999 -9999 -9999 -9999
   135 -9999 -9999 -9999 -9999 -9999 -9999 -9999 -9999 -9999 -9999
   125 -9999 -9999 -9999 -9999 -9999 -9999 -9999 -9999 -9999 -9999
   115 -9999 -9999 -9999 -9999 -9999 -9999 -9999 -9999 -9999 -9999
   105  2639  1126   295  -136    96     2   558     0 -9999  1483
    95  2112  1082   293  -134    98     3   527     1   142  1435
    85   553  1039   290  -150    82     1   495     0   157  1384
    75   412  1002   288  -121   110     0   464     0   173  1333
    65   449  1095   289   -96   134     2   432     2   188  1283
    55   505  1062   286   -81   148     2   495     1   203  1252
    45   531   959   282   -83   154     9   441     2   218  1349
    35   431   843   277   -81   162    10   352     2   233  1219
    25   316   735   275   -83   162     4   293     6   203  1099
    15   243   676   267   -95   145     8   232     2   222 -9999
$

   GPS LAT  GPS LONG   ROLL  PITCH AZIMUT   T IN  PmBARS  T OUT    RH%
   38.1879  -78.6937   -0.2   -0.8  297.7   21.3   967.2    9.7   41.7                    

   BL# MONTH   DAY  YEAR  HOUR   MIN  VAL1  VAL2  VAL3  VAL4
   573     4     7  2017    11    45   104    14   131     0

  SPU1  SPU2  SPU3  SPU4 NOIS1 NOIS2 NOIS3 NOIS4 FEMAX SOFTW
     2     1     1     0  6402  5702  5701    29     0  9063

  FE11  FE12  FE21  FE22  SNR1  SNR2  SNR3  SNR4 CHECK   JAM
     9     9     9     9    98    94    89     0    63 10100

   ALT    CT SPEED   DIR     W    SW    SU    SV  U'V'  U'W'  ETAM

   185 -9999 -9999 -9999 -9999 -9999 -9999 -9999 -9999 -9999 -9999
   175 -9999 -9999 -9999 -9999 -9999 -9999 -9999 -9999 -9999 -9999
   165 -9999 -9999 -9999 -9999 -9999 -9999 -9999 -9999 -9999 -9999
   155 -9999 -9999 -9999 -9999 -9999 -9999 -9999 -9999 -9999 -9999
   145 -9999 -9999 -9999 -9999 -9999 -9999 -9999 -9999 -9999 -9999
   135 -9999 -9999 -9999 -9999 -9999 -9999 -9999 -9999 -9999 -9999
   125 -9999 -9999 -9999 -9999 -9999 -9999 -9999 -9999 -9999 -9999
   115 -9999 -9999 -9999 -9999 -9999 -9999 -9999 -9999 -9999 -9999
   105 -9999 -9999 -9999 -9999 -9999 -9999 -9999 -9999 -9999 -9999
    95 -9999 -9999 -9999 -9999 -9999 -9999 -9999 -9999 -9999 -9999
    85 -9999 -9999 -9999 -9999 -9999 -9999 -9999 -9999 -9999 -9999
    75 -9999 -9999 -9999 -9999 -9999 -9999 -9999 -9999 -9999 -9999
    65 -9999 -9999 -9999 -9999 -9999 -9999 -9999 -9999 -9999 -9999
    55 -9999 -9999 -9999 -9999 -9999 -9999 -9999 -9999 -9999 -9999
    45 -9999 -9999 -9999 -9999 -9999 -9999 -9999 -9999 -9999 -9999
    35 -9999 -9999 -9999 -9999 -9999 -9999 -9999 -9999 -9999 -9999
    25 -9999 -9999 -9999 -9999 -9999 -9999 -9999 -9999 -9999 -9999
    15 -9999 -9999 -9999 -9999 -9999 -9999 -9999 -9999 -9999 -9999
$

   GPS LAT  GPS LONG   ROLL  PITCH AZIMUT   T IN  PmBARS  T OUT    RH%
   38.1879  -78.6937   -0.1   -0.9  297.7   21.1   967.3    9.6   39.9                    

   BL# MONTH   DAY  YEAR  HOUR   MIN  VAL1  VAL2  VAL3  VAL4
   573     4     7  2017    11    50    70     0    93     0

  SPU1  SPU2  SPU3  SPU4 NOIS1 NOIS2 NOIS3 NOIS4 FEMAX SOFTW
     2     1     0     0  6302  5801  6201    29    45  9063

  FE11  FE12  FE21  FE22  SNR1  SNR2  SNR3  SNR4 CHECK   JAM
     8     8     9     9   117    94    89     0    67 10100

   ALT    CT SPEED   DIR     W    SW    SU    SV  U'V'  U'W'  ETAM

   185 -9999 -9999 -9999 -9999 -9999 -9999 -9999 -9999 -9999 -9999
   175 -9999 -9999 -9999 -9999 -9999 -9999 -9999 -9999 -9999 -9999
   165 -9999 -9999 -9999 -9999 -9999 -9999 -9999 -9999 -9999 -9999
   155 -9999 -9999 -9999 -9999 -9999 -9999 -9999 -9999 -9999 -9999
   145 -9999 -9999 -9999 -9999 -9999 -9999 -9999 -9999 -9999 -9999
   135 -9999 -9999 -9999 -9999 -9999 -9999 -9999 -9999 -9999 -9999
   125 -9999 -9999 -9999 -9999 -9999 -9999 -9999 -9999 -9999 -9999
   115 -9999 -9999 -9999 -9999 -9999 -9999 -9999 -9999 -9999 -9999
   105 -9999 -9999 -9999 -9999 -9999 -9999 -9999 -9999 -9999 -9999
    95 -9999 -9999 -9999 -9999 -9999 -9999 -9999 -9999 -9999 -9999
    85 -9999 -9999 -9999 -9999 -9999 -9999 -9999 -9999 -9999 -9999
    75 -9999 -9999 -9999 -9999 -9999 -9999 -9999 -9999 -9999 -9999
    65 -9999 -9999 -9999 -9999 -9999 -9999 -9999 -9999 -9999 -9999
    55 -9999 -9999 -9999 -9999 -9999 -9999 -9999 -9999 -9999 -9999
    45 -9999 -9999 -9999 -9999 -9999 -9999 -9999 -9999 -9999 -9999
    35 -9999 -9999 -9999 -9999 -9999 -9999 -9999 -9999 -9999 -9999
    25 -9999 -9999 -9999 -9999 -9999 -9999 -9999 -9999 -9999 -9999
    15 -9999 -9999 -9999 -9999 -9999 -9999 -9999 -9999 -9999 -9999
$

   GPS LAT  GPS LONG   ROLL  PITCH AZIMUT   T IN  PmBARS  T OUT    RH%
   38.1879  -78.6937   -0.2   -0.7  297.7   20.8   967.3    9.3   40.5                    

   BL# MONTH   DAY  YEAR  HOUR   MIN  VAL1  VAL2  VAL3  VAL4
   573     4     7  2017    11    55    34    15   103     0

  SPU1  SPU2  SPU3  SPU4 NOIS1 NOIS2 NOIS3 NOIS4 FEMAX SOFTW
     2     1     0     0  6502  6401  7001    29    45  9063

  FE11  FE12  FE21  FE22  SNR1  SNR2  SNR3  SNR4 CHECK   JAM
     8     8     9     9   117    96    89     0    74 10100

   ALT    CT SPEED   DIR     W    SW    SU    SV  U'V'  U'W'  ETAM

   185 -9999 -9999 -9999 -9999 -9999 -9999 -9999 -9999 -9999 -9999
   175 -9999 -9999 -9999 -9999 -9999 -9999 -9999 -9999 -9999 -9999
   165 -9999 -9999 -9999 -9999 -9999 -9999 -9999 -9999 -9999 -9999
   155 -9999 -9999 -9999 -9999 -9999 -9999 -9999 -9999 -9999 -9999
   145 -9999 -9999 -9999 -9999 -9999 -9999 -9999 -9999 -9999 -9999
   135 -9999 -9999 -9999 -9999 -9999 -9999 -9999 -9999 -9999 -9999
   125 -9999 -9999 -9999 -9999 -9999 -9999 -9999 -9999 -9999 -9999
   115 -9999 -9999 -9999 -9999 -9999 -9999 -9999 -9999 -9999 -9999
   105  1266  1102   283  -179   121     2   481     1 -9999 -9999
    95   245  1082   283  -183   119     0   469     2   246 -9999
    85   248  1063   282  -137   146     0   457     0   244 -9999
    75   271  1044   282  -100   158     1   445     0   243 -9999
    65   297  1022   281   -75   168     4   433     0   242 -9999
    55   323  1003   281   -63   176     4   420     0   240 -9999
    45   350   988   281   -69   173     3   408     4   239 -9999
    35   266   976   280   -68   188     3   403     3   238 -9999
    25   214   963   280   -67   192     5   394     3   236 -9999
    15 -9999 -9999 -9999 -9999 -9999 -9999 -9999 -9999 -9999 -9999
$

   GPS LAT  GPS LONG   ROLL  PITCH AZIMUT   T IN  PmBARS  T OUT    RH%
   38.1879  -78.6937   -0.1   -0.9  297.6   20.5   967.4    9.2   41.1                    

   BL# MONTH   DAY  YEAR  HOUR   MIN  VAL1  VAL2  VAL3  VAL4
   573     4     7  2017    12     0    74    78   133     0

  SPU1  SPU2  SPU3  SPU4 NOIS1 NOIS2 NOIS3 NOIS4 FEMAX SOFTW
     2     1     0     0  5703  5901  5501    29    45  9063

  FE11  FE12  FE21  FE22  SNR1  SNR2  SNR3  SNR4 CHECK   JAM
     8     8     9     9   117    97    89     0    61 10100

   ALT    CT SPEED   DIR     W    SW    SU    SV  U'V'  U'W'  ETAM

   185 -9999 -9999 -9999 -9999 -9999 -9999 -9999 -9999 -9999 -9999
   175 -9999 -9999 -9999 -9999 -9999 -9999 -9999 -9999 -9999 -9999
   165 -9999 -9999 -9999 -9999 -9999 -9999 -9999 -9999 -9999 -9999
   155 -9999 -9999 -9999 -9999 -9999 -9999 -9999 -9999 -9999 -9999
   145 -9999 -9999 -9999 -9999 -9999 -9999 -9999 -9999 -9999 -9999
   135 -9999 -9999 -9999 -9999 -9999 -9999 -9999 -9999 -9999 -9999
   125 -9999 -9999 -9999 -9999 -9999 -9999 -9999 -9999 -9999 -9999
   115  2292   772   271  -111   123     3   251     0 -9999   316
   105  1330   790   273  -118   116     6   270     1   242   292
    95   302   810   275  -122   115     0   289     1   234   293
    85   250   828   278   -88   130     0   308     1   226   337
    75   276   845   280   -62   137     1   327     2   218   288
    65   302   790   278   -47   154     1   346     2   210   360
    55   320   803   280   -42   177     2   308     8   202   489
    45   343   805   281   -51   166     3   339     5   194   193
    35   270   782   281   -61   171     9   326    11   186  1918
    25   208   748   281   -63   162     2   330    10   182  3366
    15   212   555   273   -47   120     9   208     4   162 -9999
$

   GPS LAT  GPS LONG   ROLL  PITCH AZIMUT   T IN  PmBARS  T OUT    RH%
   38.1879  -78.6937   -0.1   -1.0  297.4   20.3   967.4    9.1   41.5                    

   BL# MONTH   DAY  YEAR  HOUR   MIN  VAL1  VAL2  VAL3  VAL4
   573     4     7  2017    12     5    66    94   131     0

  SPU1  SPU2  SPU3  SPU4 NOIS1 NOIS2 NOIS3 NOIS4 FEMAX SOFTW
     2     2     0     0  5902  6002  5801    29    45  9063

  FE11  FE12  FE21  FE22  SNR1  SNR2  SNR3  SNR4 CHECK   JAM
     8     8     9     9   117    98    99     0    64 10100

   ALT    CT SPEED   DIR     W    SW    SU    SV  U'V'  U'W'  ETAM

   185 -9999 -9999 -9999 -9999 -9999 -9999 -9999 -9999 -9999 -9999
   175 -9999 -9999 -9999 -9999 -9999 -9999 -9999 -9999 -9999 -9999
   165 -9999 -9999 -9999 -9999 -9999 -9999 -9999 -9999 -9999 -9999
   155 -9999 -9999 -9999 -9999 -9999 -9999 -9999 -9999 -9999 -9999
   145 -9999 -9999 -9999 -9999 -9999 -9999 -9999 -9999 -9999 -9999
   135 -9999 -9999 -9999 -9999 -9999 -9999 -9999 -9999 -9999 -9999
   125 -9999 -9999 -9999 -9999 -9999 -9999 -9999 -9999 -9999 -9999
   115  2201   683   274   -14   137     0   230     1 -9999   775
   105  2107   711   275   -12   144     2   248     2   196   724
    95  1714   739   276   -11   151     3   266     3   198   715
    85   506   766   277   -19   157     4   284     2   200   808
    75   381   792   278    -6   146     1   302     3   202   649
    65   383   749   276     0   149     2   319     7   204   755
    55   378   818   279    -3   166     2   284     1   206   994
    45   356   820   279   -15   164     2   355     6   208   230
    35   274   771   276   -31   157     3   303     9   210   855
    25   235   748   276   -51   141     4   307     3   206  1498
    15   299   625   270   -74   109     3   225     4   195 -9999
$

   GPS LAT  GPS LONG   ROLL  PITCH AZIMUT   T IN  PmBARS  T OUT    RH%
   38.1879  -78.6937   -0.2   -0.8  297.9   20.2   967.5    9.1   40.9                    

   BL# MONTH   DAY  YEAR  HOUR   MIN  VAL1  VAL2  VAL3  VAL4
   573     4     7  2017    12    10    64    42   166     0

  SPU1  SPU2  SPU3  SPU4 NOIS1 NOIS2 NOIS3 NOIS4 FEMAX SOFTW
     2     2     0     0  5602  6102  5701    29    45  9063

  FE11  FE12  FE21  FE22  SNR1  SNR2  SNR3  SNR4 CHECK   JAM
     8     8     9     9   117    97    99     0    63 10100

   ALT    CT SPEED   DIR     W    SW    SU    SV  U'V'  U'W'  ETAM

   185 -9999 -9999 -9999 -9999 -9999 -9999 -9999 -9999 -9999 -9999
   175 -9999 -9999 -9999 -9999 -9999 -9999 -9999 -9999 -9999 -9999
   165 -9999 -9999 -9999 -9999 -9999 -9999 -9999 -9999 -9999 -9999
   155 -9999 -9999 -9999 -9999 -9999 -9999 -9999 -9999 -9999 -9999
   145 -9999 -9999 -9999 -9999 -9999 -9999 -9999 -9999 -9999 -9999
   135 -9999 -9999 -9999 -9999 -9999 -9999 -9999 -9999 -9999 -9999
   125 -9999 -9999 -9999 -9999 -9999 -9999 -9999 -9999 -9999 -9999
   115 -9999 -9999 -9999 -9999 -9999 -9999 -9999 -9999 -9999 -9999
   105 -9999 -9999 -9999 -9999 -9999 -9999 -9999 -9999 -9999 -9999
    95   306   845   281    20   136     1   342     3 -9999 -9999
    85   410   846   283   -13   144     0   348     2   203 -9999
    75   405   845   284   -19   150     0   353     2   193 -9999
    65   417   847   285   -23   157     6   359     2   182 -9999
    55   447   849   287   -28   165     1   365     2   172 -9999
    45   412   862   286   -28   165     3   371     6   161 -9999
    35   321   870   286   -26   157     4   377     8   182 -9999
    25   288   849   288   -40   145     4   382     8   141 -9999
    15   379   836   277   -84   128     4   329     6   224 -9999
$

   GPS LAT  GPS LONG   ROLL  PITCH AZIMUT   T IN  PmBARS  T OUT    RH%
   38.1879  -78.6937   -0.2   -0.9  297.9   20.2   967.6    9.3   41.8                    

   BL# MONTH   DAY  YEAR  HOUR   MIN  VAL1  VAL2  VAL3  VAL4
   573     4     7  2017    12    15    77    42   155     0

  SPU1  SPU2  SPU3  SPU4 NOIS1 NOIS2 NOIS3 NOIS4 FEMAX SOFTW
     2     2     0     0  6302  6302  6201    29    45  9063

  FE11  FE12  FE21  FE22  SNR1  SNR2  SNR3  SNR4 CHECK   JAM
     8     8     9     9   117    97    99     0    69 10100

   ALT    CT SPEED   DIR     W    SW    SU    SV  U'V'  U'W'  ETAM

   185 -9999 -9999 -9999 -9999 -9999 -9999 -9999 -9999 -9999 -9999
   175 -9999 -9999 -9999 -9999 -9999 -9999 -9999 -9999 -9999 -9999
   165 -9999 -9999 -9999 -9999 -9999 -9999 -9999 -9999 -9999 -9999
   155 -9999 -9999 -9999 -9999 -9999 -9999 -9999 -9999 -9999 -9999
   145 -9999 -9999 -9999 -9999 -9999 -9999 -9999 -9999 -9999 -9999
   135 -9999 -9999 -9999 -9999 -9999 -9999 -9999 -9999 -9999 -9999
   125 -9999 -9999 -9999 -9999 -9999 -9999 -9999 -9999 -9999 -9999
   115 -9999 -9999 -9999 -9999 -9999 -9999 -9999 -9999 -9999 -9999
   105 -9999 -9999 -9999 -9999 -9999 -9999 -9999 -9999 -9999 -9999
    95 -9999 -9999 -9999 -9999 -9999 -9999 -9999 -9999 -9999 -9999
    85 -9999 -9999 -9999 -9999 -9999 -9999 -9999 -9999 -9999 -9999
    75 -9999 -9999 -9999 -9999 -9999 -9999 -9999 -9999 -9999 -9999
    65 -9999 -9999 -9999 -9999 -9999 -9999 -9999 -9999 -9999 -9999
    55 -9999 -9999 -9999 -9999 -9999 -9999 -9999 -9999 -9999 -9999
    45 -9999 -9999 -9999 -9999 -9999 -9999 -9999 -9999 -9999 -9999
    35 -9999 -9999 -9999 -9999 -9999 -9999 -9999 -9999 -9999 -9999
    25 -9999 -9999 -9999 -9999 -9999 -9999 -9999 -9999 -9999 -9999
    15 -9999 -9999 -9999 -9999 -9999 -9999 -9999 -9999 -9999 -9999
$

   GPS LAT  GPS LONG   ROLL  PITCH AZIMUT   T IN  PmBARS  T OUT    RH%
   38.1878  -78.6937   -0.2   -0.9  297.8   20.2   967.7    9.2   41.5                    

   BL# MONTH   DAY  YEAR  HOUR   MIN  VAL1  VAL2  VAL3  VAL4
   573     4     7  2017    12    20    73    81    91     0

  SPU1  SPU2  SPU3  SPU4 NOIS1 NOIS2 NOIS3 NOIS4 FEMAX SOFTW
     1     1     0     0  6503  6603  6401    29    45  9063

  FE11  FE12  FE21  FE22  SNR1  SNR2  SNR3  SNR4 CHECK   JAM
     8     8     9     9   107    96    99     0    70 10100

   ALT    CT SPEED   DIR     W    SW    SU    SV  U'V'  U'W'  ETAM

   185 -9999 -9999 -9999 -9999 -9999 -9999 -9999 -9999 -9999 -9999
   175 -9999 -9999 -9999 -9999 -9999 -9999 -9999 -9999 -9999 -9999
   165 -9999 -9999 -9999 -9999 -9999 -9999 -9999 -9999 -9999 -9999
   155 -9999 -9999 -9999 -9999 -9999 -9999 -9999 -9999 -9999 -9999
   145 -9999 -9999 -9999 -9999 -9999 -9999 -9999 -9999 -9999 -9999
   135 -9999 -9999 -9999 -9999 -9999 -9999 -9999 -9999 -9999 -9999
   125 -9999 -9999 -9999 -9999 -9999 -9999 -9999 -9999 -9999 -9999
   115 -9999 -9999 -9999 -9999 -9999 -9999 -9999 -9999 -9999 -9999
   105 -9999 -9999 -9999 -9999 -9999 -9999 -9999 -9999 -9999 -9999
    95   244   948   282   -33   190     1   359     2 -9999 -9999
    85   231   977   284   -84   151     0   386     0   224 -9999
    75   229  1005   287  -130   123     0   412     1   210 -9999
    65   289  1037   289  -140   126     2   438     2   196 -9999
    55   389  1071   291  -123   151     3   465     7   181 -9999
    45   352  1033   292  -136   149     4   491     3   167 -9999
    35   267   938   290  -120   172     3   438     6   152 -9999
    25   197   845   286  -107   179     7   374     7   181 -9999
    15   178   711   290  -115   142     3   314     2   124 -9999
$

   GPS LAT  GPS LONG   ROLL  PITCH AZIMUT   T IN  PmBARS  T OUT    RH%
   38.1878  -78.6937   -0.1   -0.8  297.7   20.1   967.7    9.1   41.7                    

   BL# MONTH   DAY  YEAR  HOUR   MIN  VAL1  VAL2  VAL3  VAL4
   573     4     7  2017    12    25    89    58   129     0

  SPU1  SPU2  SPU3  SPU4 NOIS1 NOIS2 NOIS3 NOIS4 FEMAX SOFTW
     1     1     0     0  6703  6602  6101    29    45  9063

  FE11  FE12  FE21  FE22  SNR1  SNR2  SNR3  SNR4 CHECK   JAM
     8     8     9     9   106    97    99     0    67 10100

   ALT    CT SPEED   DIR     W    SW    SU    SV  U'V'  U'W'  ETAM

   185 -9999 -9999 -9999 -9999 -9999 -9999 -9999 -9999 -9999 -9999
   175 -9999 -9999 -9999 -9999 -9999 -9999 -9999 -9999 -9999 -9999
   165 -9999 -9999 -9999 -9999 -9999 -9999 -9999 -9999 -9999 -9999
   155 -9999 -9999 -9999 -9999 -9999 -9999 -9999 -9999 -9999 -9999
   145 -9999 -9999 -9999 -9999 -9999 -9999 -9999 -9999 -9999 -9999
   135 -9999 -9999 -9999 -9999 -9999 -9999 -9999 -9999 -9999 -9999
   125 -9999 -9999 -9999 -9999 -9999 -9999 -9999 -9999 -9999 -9999
   115 -9999 -9999 -9999 -9999 -9999 -9999 -9999 -9999 -9999 -9999
   105  2372  1271   271   -57   141     2   481     1 -9999 -9999
    95  1911  1237   272   -59   147     1   469     2   393 -9999
    85   466  1205   272   -49   153     0   457     3   378 -9999
    75   386  1170   272   -67   143     3   445     1   362 -9999
    65   462  1133   273   -84   142     5   433     2   346 -9999
    55   507  1100   273   -97   148     4   421     6   330 -9999
    45   422  1069   274   -96   144     3   409     2   314 -9999
    35   302  1044   273  -103   151     5   402     7   299 -9999
    25   252   998   268   -97   153     5   376     3   330 -9999
    15   335   777   257   -65   142     2   214     4   301 -9999
$

   GPS LAT  GPS LONG   ROLL  PITCH AZIMUT   T IN  PmBARS  T OUT    RH%
   38.1878  -78.6937   -0.2   -0.9  297.6   20.1   967.9    9.3   41.3                    

   BL# MONTH   DAY  YEAR  HOUR   MIN  VAL1  VAL2  VAL3  VAL4
   573     4     7  2017    12    30   125    82   221     0

  SPU1  SPU2  SPU3  SPU4 NOIS1 NOIS2 NOIS3 NOIS4 FEMAX SOFTW
     1     1     0     0  5403  5403  5201    29    45  9063

  FE11  FE12  FE21  FE22  SNR1  SNR2  SNR3  SNR4 CHECK   JAM
     8     8     9     9   106    98    99     0    58 10100

   ALT    CT SPEED   DIR     W    SW    SU    SV  U'V'  U'W'  ETAM

   185 -9999 -9999 -9999 -9999 -9999 -9999 -9999 -9999 -9999 -9999
   175 -9999 -9999 -9999 -9999 -9999 -9999 -9999 -9999 -9999 -9999
   165 -9999 -9999 -9999 -9999 -9999 -9999 -9999 -9999 -9999 -9999
   155 -9999 -9999 -9999 -9999 -9999 -9999 -9999 -9999 -9999 -9999
   145 -9999 -9999 -9999 -9999 -9999 -9999 -9999 -9999 -9999 -9999
   135 -9999 -9999 -9999 -9999 -9999 -9999 -9999 -9999 -9999 -9999
   125 -9999 -9999 -9999 -9999 -9999 -9999 -9999 -9999 -9999 -9999
   115 -9999 -9999 -9999 -9999 -9999 -9999 -9999 -9999 -9999 -9999
   105 -9999 -9999 -9999 -9999 -9999 -9999 -9999 -9999 -9999 -9999
    95 -9999 -9999 -9999 -9999 -9999 -9999 -9999 -9999 -9999 -9999
    85 -9999 -9999 -9999 -9999 -9999 -9999 -9999 -9999 -9999 -9999
    75 -9999 -9999 -9999 -9999 -9999 -9999 -9999 -9999 -9999 -9999
    65 -9999 -9999 -9999 -9999 -9999 -9999 -9999 -9999 -9999 -9999
    55 -9999 -9999 -9999 -9999 -9999 -9999 -9999 -9999 -9999 -9999
    45 -9999 -9999 -9999 -9999 -9999 -9999 -9999 -9999 -9999 -9999
    35 -9999 -9999 -9999 -9999 -9999 -9999 -9999 -9999 -9999 -9999
    25 -9999 -9999 -9999 -9999 -9999 -9999 -9999 -9999 -9999 -9999
    15 -9999 -9999 -9999 -9999 -9999 -9999 -9999 -9999 -9999 -9999
$

   GPS LAT  GPS LONG   ROLL  PITCH AZIMUT   T IN  PmBARS  T OUT    RH%
   38.1879  -78.6937   -0.2   -0.9  297.7   20.2   967.9    9.4   42.9                    

   BL# MONTH   DAY  YEAR  HOUR   MIN  VAL1  VAL2  VAL3  VAL4
   573     4     7  2017    12    35   145    75   171     0

  SPU1  SPU2  SPU3  SPU4 NOIS1 NOIS2 NOIS3 NOIS4 FEMAX SOFTW
     2     1     0     0  6205  6305  6601    29    45  9063

  FE11  FE12  FE21  FE22  SNR1  SNR2  SNR3  SNR4 CHECK   JAM
     8     8     9     9   115    96    97     0    73 10100

   ALT    CT SPEED   DIR     W    SW    SU    SV  U'V'  U'W'  ETAM

   185 -9999 -9999 -9999 -9999 -9999 -9999 -9999 -9999 -9999 -9999
   175 -9999 -9999 -9999 -9999 -9999 -9999 -9999 -9999 -9999 -9999
   165 -9999 -9999 -9999 -9999 -9999 -9999 -9999 -9999 -9999 -9999
   155 -9999 -9999 -9999 -9999 -9999 -9999 -9999 -9999 -9999 -9999
   145 -9999 -9999 -9999 -9999 -9999 -9999 -9999 -9999 -9999 -9999
   135 -9999 -9999 -9999 -9999 -9999 -9999 -9999 -9999 -9999 -9999
   125 -9999 -9999 -9999 -9999 -9999 -9999 -9999 -9999 -9999 -9999
   115 -9999 -9999 -9999 -9999 -9999 -9999 -9999 -9999 -9999 -9999
   105 -9999 -9999 -9999 -9999 -9999 -9999 -9999 -9999 -9999 -9999
    95   325   833   263    15    99     1   274     4 -9999   275
    85   384   835   266    32    98     0   259     2   299   275
    75   373   752   262    43    85     3   289     4   284   275
    65   386   724   263    35    97     2   230     7   269   275
    55   414   716   265    11   132     4   228     4   253   275
    45   352   715   268   -10   154     8   243     3   238   275
    35   269   727   269   -37   162     3   258    11   223   275
    25   238   752   268   -52   165     9   257     4   253   275
    15   306   739   278   -47   170     6   294     7   192 -9999
$

   GPS LAT  GPS LONG   ROLL  PITCH AZIMUT   T IN  PmBARS  T OUT    RH%
   38.1879  -78.6937   -0.1   -0.9  297.7   20.2   968.1    9.5   42.3                    

   BL# MONTH   DAY  YEAR  HOUR   MIN  VAL1  VAL2  VAL3  VAL4
   573     4     7  2017    12    40    77    92   151     0

  SPU1  SPU2  SPU3  SPU4 NOIS1 NOIS2 NOIS3 NOIS4 FEMAX SOFTW
     2     1     0     0  5802  6202  6302    29    45  9063

  FE11  FE12  FE21  FE22  SNR1  SNR2  SNR3  SNR4 CHECK   JAM
     8     8     9     9   114    97    95     0    65 10100

   ALT    CT SPEED   DIR     W    SW    SU    SV  U'V'  U'W'  ETAM

   185 -9999 -9999 -9999 -9999 -9999 -9999 -9999 -9999 -9999 -9999
   175 -9999 -9999 -9999 -9999 -9999 -9999 -9999 -9999 -9999 -9999
   165 -9999 -9999 -9999 -9999 -9999 -9999 -9999 -9999 -9999 -9999
   155 -9999 -9999 -9999 -9999 -9999 -9999 -9999 -9999 -9999 -9999
   145 -9999 -9999 -9999 -9999 -9999 -9999 -9999 -9999 -9999 -9999
   135 -9999 -9999 -9999 -9999 -9999 -9999 -9999 -9999 -9999 -9999
   125 -9999 -9999 -9999 -9999 -9999 -9999 -9999 -9999 -9999 -9999
   115 -9999 -9999 -9999 -9999 -9999 -9999 -9999 -9999 -9999 -9999
   105   388   716   285    72   193     0 -9999     6 -9999   452
    95   172   691   285    64   164     1   312     5   150   481
    85   258   669   286   -64   140     2   301     1   144   509
    75   309   649   286   -53   162     1   290     4   137   462
    65   342   627   286   -31   172     2   279     9   130   499
    55   352   605   286   -13   164     3   268     9   124   573
    45   302   583   287    -2   152     0   257     9   117   343
    35   226   560   287     0   164     3   247    12   110   647
    25   194   553   288    -8   166     6   236     7   104   931
    15   246   603   292   -31   142     4   272     3    92 -9999
$

   GPS LAT  GPS LONG   ROLL  PITCH AZIMUT   T IN  PmBARS  T OUT    RH%
   38.1879  -78.6937   -0.2   -0.8  297.7   20.4   968.0    9.5   42.3                    

   BL# MONTH   DAY  YEAR  HOUR   MIN  VAL1  VAL2  VAL3  VAL4
   573     4     7  2017    12    45    69   128   147     0

  SPU1  SPU2  SPU3  SPU4 NOIS1 NOIS2 NOIS3 NOIS4 FEMAX SOFTW
     2     1     0     0  5902  6103  5901    29    45  9063

  FE11  FE12  FE21  FE22  SNR1  SNR2  SNR3  SNR4 CHECK   JAM
     8     8     9     9   115    97    95     0    65 10100

   ALT    CT SPEED   DIR     W    SW    SU    SV  U'V'  U'W'  ETAM

   185 -9999 -9999 -9999 -9999 -9999 -9999 -9999 -9999 -9999 -9999
   175 -9999 -9999 -9999 -9999 -9999 -9999 -9999 -9999 -9999 -9999
   165 -9999 -9999 -9999 -9999 -9999 -9999 -9999 -9999 -9999 -9999
   155 -9999 -9999 -9999 -9999 -9999 -9999 -9999 -9999 -9999 -9999
   145 -9999 -9999 -9999 -9999 -9999 -9999 -9999 -9999 -9999 -9999
   135 -9999 -9999 -9999 -9999 -9999 -9999 -9999 -9999 -9999 -9999
   125 -9999 -9999 -9999 -9999 -9999 -9999 -9999 -9999 -9999 -9999
   115 -9999 -9999 -9999 -9999 -9999 -9999 -9999 -9999 -9999 -9999
   105   887   525   272   -87   150     2 -9999     1   136  1244
    95   141   532   269   -85   152     1   197     2   151  1228
    85   206   542   266   -84   139     0   188     2   165  1212
    75   231   581   266   -83   163     1   179     1   180  1195
    65   246   621   267   -63   169     1   197     3   195  1179
    55   260   661   267   -33   157     2   216     5   209  1162
    45   302   671   270   -45   152     8   234     5   224  1146
    35   237   635   274   -44   158     9   252    11   195  1129
    25   175   551   277   -51   157     4   216     4   167  1119
    15   171   491   298   -77   140     2   227     3    50 -9999
$

   GPS LAT  GPS LONG   ROLL  PITCH AZIMUT   T IN  PmBARS  T OUT    RH%
   38.1879  -78.6937   -0.2   -0.9  297.7   20.5   968.0    9.5   43.5                    

   BL# MONTH   DAY  YEAR  HOUR   MIN  VAL1  VAL2  VAL3  VAL4
   573     4     7  2017    12    50    68    47   116     0

  SPU1  SPU2  SPU3  SPU4 NOIS1 NOIS2 NOIS3 NOIS4 FEMAX SOFTW
     2     1     0     0  6402  6004  6101    29    45  9063

  FE11  FE12  FE21  FE22  SNR1  SNR2  SNR3  SNR4 CHECK   JAM
     8     8     9     9   113    95    95     0    68 10100

   ALT    CT SPEED   DIR     W    SW    SU    SV  U'V'  U'W'  ETAM

   185 -9999 -9999 -9999 -9999 -9999 -9999 -9999 -9999 -9999 -9999
   175 -9999 -9999 -9999 -9999 -9999 -9999 -9999 -9999 -9999 -9999
   165 -9999 -9999 -9999 -9999 -9999 -9999 -9999 -9999 -9999 -9999
   155 -9999 -9999 -9999 -9999 -9999 -9999 -9999 -9999 -9999 -9999
   145 -9999 -9999 -9999 -9999 -9999 -9999 -9999 -9999 -9999 -9999
   135 -9999 -9999 -9999 -9999 -9999 -9999 -9999 -9999 -9999 -9999
   125 -9999 -9999 -9999 -9999 -9999 -9999 -9999 -9999 -9999 -9999
   115 -9999 -9999 -9999 -9999 -9999 -9999 -9999 -9999 -9999 -9999
   105  1449   716   264     6   133     3   212     1 -9999 -9999
    95  1259   717   267     4   132     2   226     1   254 -9999
    85   335   719   270    16   142     2   241     3   239 -9999
    75   251   721   273    -7   152     2   256     2   225 -9999
    65   245   725   276   -21   151     4   271     6   210 -9999
    55   236   731   279   -28   141     2   285     4   195 -9999
    45   276   740   282   -65   150     4   300     5   180 -9999
    35   223   725   284   -79   146     2   315     7   165 -9999
    25   168   662   287   -83   146     3   291     5   151 -9999
    15   155   567   304   -81   155     3   268     4    32 -9999
$

   GPS LAT  GPS LONG   ROLL  PITCH AZIMUT   T IN  PmBARS  T OUT    RH%
   38.1879  -78.6937   -0.1   -0.9  297.7   20.5   968.1    9.6   43.5                    

   BL# MONTH   DAY  YEAR  HOUR   MIN  VAL1  VAL2  VAL3  VAL4
   573     4     7  2017    12    55    49    52   117     0

  SPU1  SPU2  SPU3  SPU4 NOIS1 NOIS2 NOIS3 NOIS4 FEMAX SOFTW
     2     1     0     0  5903  5503  5801    29    45  9063

  FE11  FE12  FE21  FE22  SNR1  SNR2  SNR3  SNR4 CHECK   JAM
     8     8     9     9   114    96    95     0    65 10100

   ALT    CT SPEED   DIR     W    SW    SU    SV  U'V'  U'W'  ETAM

   185 -9999 -9999 -9999 -9999 -9999 -9999 -9999 -9999 -9999 -9999
   175 -9999 -9999 -9999 -9999 -9999 -9999 -9999 -9999 -9999 -9999
   165 -9999 -9999 -9999 -9999 -9999 -9999 -9999 -9999 -9999 -9999
   155 -9999 -9999 -9999 -9999 -9999 -9999 -9999 -9999 -9999 -9999
   145 -9999 -9999 -9999 -9999 -9999 -9999 -9999 -9999 -9999 -9999
   135 -9999 -9999 -9999 -9999 -9999 -9999 -9999 -9999 -9999 -9999
   125 -9999 -9999 -9999 -9999 -9999 -9999 -9999 -9999 -9999 -9999
   115 -9999 -9999 -9999 -9999 -9999 -9999 -9999 -9999 -9999 -9999
   105 -9999 -9999 -9999 -9999 -9999 -9999 -9999 -9999 -9999 -9999
    95  1365   761   306   -10   153     0   332     2 -9999  3604
    85   382   798   307     2   145     0   355     1    30  3604
    75   302   835   307   -19   160     0   377     0    28  3604
    65   311   876   307   -22   170     0   399     1    26  3604
    55   304   825   307    -9   174     1   421     3    30  3604
    45   246   817   307   -28   178     1   377     6    23  3604
    35   176   828   307   -30   181     3   401     6    36  3604
    25   163   774   308   -26   168     5   382     8     9  3604
    15   248   652   299   -19   127     1   303     5    64 -9999
$
