
   GPS LAT  GPS LONG   ROLL  PITCH AZIMUT   T IN  PmBARS  T OUT    RH%
   37.1964  -80.5783    3.0    0.7  289.2   22.7   950.3   25.8   45.6                    

   BL# MONTH   DAY  YEAR  HOUR   MIN  VAL1  VAL2  VAL3  VAL4
   573     6     4  2018    13    50   103   135    43     0

  SPU1  SPU2  SPU3  SPU4 NOIS1 NOIS2 NOIS3 NOIS4 FEMAX SOFTW
 -9999 -9999 -9999     0  5904  6102  6803    29 -9999  9063

  FE11  FE12  FE21  FE22  SNR1  SNR2  SNR3  SNR4 CHECK   JAM
 -9999 -9999 -9999 -9999   123   112   105     0    76 10086

   ALT    CT SPEED   DIR     W    SW    SU    SV  U'V'  U'W'  ETAM

   200 -9999 -9999 -9999 -9999 -9999 -9999 -9999 -9999 -9999 -9999
   190 -9999 -9999 -9999 -9999 -9999 -9999 -9999 -9999 -9999 -9999
   180 -9999 -9999 -9999 -9999 -9999 -9999 -9999 -9999 -9999 -9999
   170 -9999 -9999 -9999 -9999 -9999 -9999 -9999 -9999 -9999 -9999
   160 -9999 -9999 -9999 -9999 -9999 -9999 -9999 -9999 -9999 -9999
   150 -9999 -9999 -9999 -9999 -9999 -9999 -9999 -9999 -9999 -9999
   140   746   776    52   -81    96     2   238     4 -9999   319
   130   795   744    52   -78    92     5   227     4 -9999   299
   120   844   714    52   -76    89     4   216     2  -306   285
   110   893   685    52   -73    85     1   206     3  -291   276
   100   941   675    49   -71    82     0   195     1  -277   260
    90   990   648    49   -72    78     2   184     5  -262   270
    80   973   598    52   -77    75     3   206     6  -248   295
    70   325   588    50   -82    71     7   163    10  -233   225
    60   149   631    51   -77    68    11   168     6  -219   299
    50   213   646    50   -71    64     5   176    14  -248   719
    40   319   636    48   -78    60     5   189     7  -246  2101
    30   276   597    46   -74    69     5   193     7  -227  1622
    20   273   538    45   -72    73     4   172     9  -194  1148
    10   367   517    43   -75    68     3   170     1  -178 -9999
$

   GPS LAT  GPS LONG   ROLL  PITCH AZIMUT   T IN  PmBARS  T OUT    RH%
   37.1966  -80.5781    1.1    0.3  317.4   40.7   949.5   28.3   42.2                    

   BL# MONTH   DAY  YEAR  HOUR   MIN  VAL1  VAL2  VAL3  VAL4
   573     6     4  2018    15    40     0    37   139     0

  SPU1  SPU2  SPU3  SPU4 NOIS1 NOIS2 NOIS3 NOIS4 FEMAX SOFTW
 -9999 -9999 -9999     0  5902  5204  5301    29 -9999  9063

  FE11  FE12  FE21  FE22  SNR1  SNR2  SNR3  SNR4 CHECK   JAM
 -9999 -9999 -9999 -9999   115   116    98     0    58 10100

   ALT    CT SPEED   DIR     W    SW    SU    SV  U'V'  U'W'  ETAM

   200 -9999 -9999 -9999 -9999 -9999 -9999 -9999 -9999 -9999 -9999
   190 -9999 -9999 -9999 -9999 -9999 -9999 -9999 -9999 -9999 -9999
   180 -9999 -9999 -9999 -9999 -9999 -9999 -9999 -9999 -9999 -9999
   170 -9999 -9999 -9999 -9999 -9999 -9999 -9999 -9999 -9999 -9999
   160 -9999 -9999 -9999 -9999 -9999 -9999 -9999 -9999 -9999 -9999
   150 -9999 -9999 -9999 -9999 -9999 -9999 -9999 -9999 -9999 -9999
   140 -9999 -9999 -9999 -9999 -9999 -9999 -9999 -9999 -9999 -9999
   130 -9999 -9999 -9999 -9999 -9999 -9999 -9999 -9999 -9999 -9999
   120 -9999 -9999 -9999 -9999 -9999 -9999 -9999 -9999 -9999 -9999
   110 -9999 -9999 -9999 -9999 -9999 -9999 -9999 -9999 -9999 -9999
   100 -9999 -9999 -9999 -9999 -9999 -9999 -9999 -9999 -9999 -9999
    90 -9999 -9999 -9999 -9999 -9999 -9999 -9999 -9999 -9999 -9999
    80 -9999 -9999 -9999 -9999 -9999 -9999 -9999 -9999 -9999 -9999
    70 -9999 -9999 -9999 -9999 -9999 -9999 -9999 -9999 -9999 -9999
    60 -9999 -9999 -9999 -9999 -9999 -9999 -9999 -9999 -9999 -9999
    50 -9999 -9999 -9999 -9999 -9999 -9999 -9999 -9999 -9999 -9999
    40 -9999 -9999 -9999 -9999 -9999 -9999 -9999 -9999 -9999 -9999
    30 -9999 -9999 -9999 -9999 -9999 -9999 -9999 -9999 -9999 -9999
    20 -9999 -9999 -9999 -9999 -9999 -9999 -9999 -9999 -9999 -9999
    10 -9999 -9999 -9999 -9999 -9999 -9999 -9999 -9999 -9999 -9999
$

   GPS LAT  GPS LONG   ROLL  PITCH AZIMUT   T IN  PmBARS  T OUT    RH%
   37.1966  -80.5780    0.1    0.1  324.8   42.6   949.7   29.4   40.0                    

   BL# MONTH   DAY  YEAR  HOUR   MIN  VAL1  VAL2  VAL3  VAL4
   573     6     4  2018    16     5    35    47   131     0

  SPU1  SPU2  SPU3  SPU4 NOIS1 NOIS2 NOIS3 NOIS4 FEMAX SOFTW
 -9999 -9999 -9999     0  5504  5904  5501    29 -9999  9063

  FE11  FE12  FE21  FE22  SNR1  SNR2  SNR3  SNR4 CHECK   JAM
 -9999 -9999 -9999 -9999   114   114   106     0    64 10100

   ALT    CT SPEED   DIR     W    SW    SU    SV  U'V'  U'W'  ETAM

   200 -9999 -9999 -9999 -9999 -9999 -9999 -9999 -9999 -9999 -9999
   190 -9999 -9999 -9999 -9999 -9999 -9999 -9999 -9999 -9999 -9999
   180 -9999 -9999 -9999 -9999 -9999 -9999 -9999 -9999 -9999 -9999
   170 -9999 -9999 -9999 -9999 -9999 -9999 -9999 -9999 -9999 -9999
   160 -9999 -9999 -9999 -9999 -9999 -9999 -9999 -9999 -9999 -9999
   150   591   723   292  -110    47     0 -9999     0 -9999 -9999
   140   600   714   293  -111    45     2 -9999     1 -9999 -9999
   130   609   702   293  -112    44     1   148     0   314 -9999
   120   617   693   294  -112    42     0   148     0   308 -9999
   110   626   684   294  -113    41     2   148     0   301 -9999
   100   255   674   294  -113    44     2   148     1   295 -9999
    90   102   663   295  -114    42     1   148     1   288 -9999
    80   124   654   295  -113    39     3   148     1   282 -9999
    70   124   644   296  -102    50     1   148     4   275 -9999
    60   137   631   293   -96    51     4   148     6   269 -9999
    50   165   641   295   -89    52     5   129     8   270 -9999
    40   216   616   298   -75    69     5   149     5   269 -9999
    30   176   584   300   -60    83     3   150     5   237 -9999
    20   124   571   301   -54    93     3   151     6   228 -9999
    10    79   557   302   -60    96     0   151     2   218 -9999
$

   GPS LAT  GPS LONG   ROLL  PITCH AZIMUT   T IN  PmBARS  T OUT    RH%
   37.1966  -80.5781    0.1    0.1  324.8   42.8   949.6   29.8   41.1                    

   BL# MONTH   DAY  YEAR  HOUR   MIN  VAL1  VAL2  VAL3  VAL4
   573     6     4  2018    16    10    92   121   220     0

  SPU1  SPU2  SPU3  SPU4 NOIS1 NOIS2 NOIS3 NOIS4 FEMAX SOFTW
 -9999 -9999 -9999     0  5403  5602  5501    29 -9999  9063

  FE11  FE12  FE21  FE22  SNR1  SNR2  SNR3  SNR4 CHECK   JAM
 -9999 -9999 -9999 -9999   123   124   107     0    63 10095

   ALT    CT SPEED   DIR     W    SW    SU    SV  U'V'  U'W'  ETAM

   200 -9999 -9999 -9999 -9999 -9999 -9999 -9999 -9999 -9999 -9999
   190 -9999 -9999 -9999 -9999 -9999 -9999 -9999 -9999 -9999 -9999
   180 -9999 -9999 -9999 -9999 -9999 -9999 -9999 -9999 -9999 -9999
   170 -9999 -9999 -9999 -9999 -9999 -9999 -9999 -9999 -9999 -9999
   160   799   618   284   -83    32     0 -9999     0 -9999   121
   150   770   620   285   -79    34     1 -9999     0 -9999   121
   140   742   620   287   -76    36     1    81     1   282   121
   130   327   622   288   -81    38     1    89     0   280   121
   120    54   626   289   -80    40     1    97     0   279   121
   110    60   626   290   -67    42     1   104     0   277   121
   100    79   631   292   -95    44     0   112     2   275   121
    90   110   632   293   -86    60     1   120     0   273   120
    80   149   638   293   -56    80     0   128     3   272   117
    70   179   644   293   -70    65     2   135     1   270    97
    60   194   673   296   -75    55     4   132     3   276    76
    50   208   645   295   -76    49     4   158     4   283    58
    40   235   600   295   -76    51     6   140     3   267    46
    30   175   553   297   -69    60     3   130     5   240 -9999
    20   133   510   299   -60    68     4   132     7   210 -9999
    10   135   464   296   -48    73     1   108     2   193 -9999
$

   GPS LAT  GPS LONG   ROLL  PITCH AZIMUT   T IN  PmBARS  T OUT    RH%
   37.1966  -80.5781    0.1    0.2  324.8   42.9   949.6   30.2   39.2                    

   BL# MONTH   DAY  YEAR  HOUR   MIN  VAL1  VAL2  VAL3  VAL4
   573     6     4  2018    16    15    86   193   229     0

  SPU1  SPU2  SPU3  SPU4 NOIS1 NOIS2 NOIS3 NOIS4 FEMAX SOFTW
 -9999 -9999 -9999     0  5404  5401  5200    29 -9999  9063

  FE11  FE12  FE21  FE22  SNR1  SNR2  SNR3  SNR4 CHECK   JAM
 -9999 -9999 -9999 -9999   123   124   107     0    58 10091

   ALT    CT SPEED   DIR     W    SW    SU    SV  U'V'  U'W'  ETAM

   200 -9999 -9999 -9999 -9999 -9999 -9999 -9999 -9999 -9999 -9999
   190 -9999 -9999 -9999 -9999 -9999 -9999 -9999 -9999 -9999 -9999
   180 -9999 -9999 -9999 -9999 -9999 -9999 -9999 -9999 -9999 -9999
   170 -9999 -9999 -9999 -9999 -9999 -9999 -9999 -9999 -9999 -9999
   160 -9999 -9999 -9999 -9999 -9999 -9999 -9999 -9999 -9999 -9999
   150   596   632   283   -48    58     0 -9999     1   252   117
   140   605   660   284   -51    61     1 -9999     1   267   117
   130   268   688   284   -54    64     1    80     1   282   117
   120    46   717   285   -53    67     0    88     2   297   117
   110    54   745   285   -48    70     1    96     3   311   118
   100    79   775   285   -60    64     0   104     1   326   118
    90   106   778   285   -52    68     1   112     0   341   118
    80   135   752   285   -34    77     3   121     1   356   116
    70   152   721   290   -54    68     5   104     4   347   109
    60   166   744   290   -63    65     1   137     4   313   100
    50   186   677   292   -67    64     2   143     5   328   113
    40   220   626   292   -61    65     2   131     5   279   195
    30   174   577   292   -63    58     3   120     2   261   126
    20   142   516   294   -59    52     3   115     3   223    73
    10   144   455   295   -44    52     3   102     2   191 -9999
$

   GPS LAT  GPS LONG   ROLL  PITCH AZIMUT   T IN  PmBARS  T OUT    RH%
   37.1966  -80.5781    0.0    0.1  324.7   43.0   949.6   30.2   39.8                    

   BL# MONTH   DAY  YEAR  HOUR   MIN  VAL1  VAL2  VAL3  VAL4
   573     6     4  2018    16    20   111   245   198     0

  SPU1  SPU2  SPU3  SPU4 NOIS1 NOIS2 NOIS3 NOIS4 FEMAX SOFTW
     1     0     0     0  5403  5403  5300    29 -9999  9063

  FE11  FE12  FE21  FE22  SNR1  SNR2  SNR3  SNR4 CHECK   JAM
 -9999 -9999 -9999 -9999    97    96    97     0    58 10091

   ALT    CT SPEED   DIR     W    SW    SU    SV  U'V'  U'W'  ETAM

   200 -9999 -9999 -9999 -9999 -9999 -9999 -9999 -9999 -9999 -9999
   190 -9999 -9999 -9999 -9999 -9999 -9999 -9999 -9999 -9999 -9999
   180   898   672   279   -36    19     0 -9999     1   379     4
   170   866   638   281   -38    17     0 -9999     3   357     4
   160   834   604   283   -40    19     0 -9999     0   335     5
   150   802   569   285   -42    19     0    65     2   313     5
   140   770   538   287   -45    15     1    72     0   291     3
   130   738   509   290   -41    22     0    80     2   268     5
   120   524   489   293   -42    21     0    87     1   246     5
   110    66   473   295   -49     7     2    94     1   224     1
   100    84   494   292   -33    39     2   101     3   208     9
    90    99   529   291   -18    58     2   108     3   194    13
    80   112   554   294    -8    65     3    94     3   226    12
    70   135   564   298   -27    67     2   111     6   238    11
    60   141   565   297   -41    69     6   141     9   229     7
    50   144   564   296   -52    68     8   133    11   235    22
    40   153   565   297   -56    65     5   130    10   236    91
    30   119   544   299   -67    53     1   141     9   229   102
    20   111   490   300   -68    47     6   133     5   202   102
    10   144   416   298   -56    50     3   103     1   169 -9999
$

   GPS LAT  GPS LONG   ROLL  PITCH AZIMUT   T IN  PmBARS  T OUT    RH%
   37.1966  -80.5781    0.0    0.1  324.8   43.2   949.7   30.5   40.9                    

   BL# MONTH   DAY  YEAR  HOUR   MIN  VAL1  VAL2  VAL3  VAL4
   573     6     4  2018    16    25   120   330   226     0

  SPU1  SPU2  SPU3  SPU4 NOIS1 NOIS2 NOIS3 NOIS4 FEMAX SOFTW
     1     0     0     0  6506  5204  5300    29 -9999  9063

  FE11  FE12  FE21  FE22  SNR1  SNR2  SNR3  SNR4 CHECK   JAM
 -9999 -9999 -9999 -9999    94    97    97     0    59 10095

   ALT    CT SPEED   DIR     W    SW    SU    SV  U'V'  U'W'  ETAM

   200  1115   390   273    45   134     0 -9999     1 -9999 -9999
   190  1074   397   273    44   128     1    16     0   177 -9999
   180  1032   403   272    42   122     2    17     1   180    94
   170   990   410   273    41   116     0    18     0   184    91
   160   949   415   272    39   110     2    19     1   188    88
   150   907   422   273    37   104     1    17     1   191    86
   140   865   421   276    35    98     0    21     0   195    80
   130   390   409   278    34    92     3    13     3   198    76
   120    93   441   269    31    86     2    29     5   202    77
   110    90   447   262    28    81     1    43     0   187    84
   100   114   460   262     3    78     1     7     2   212    72
    90   132   464   265    -5    70     0   -29     1   212    83
    80   165   462   265    -4    61     3   -15     4   223    95
    70   311   478   258   -16    69     7    -1     5   218    26
    60   313   458   261   -28    71     9   -36     5   226    78
    50   279   452   273   -36    73     5   -23     5   216   265
    40   291   452   253   -37    75     8    42    12   214   714
    30   196   498   235   -39    75     5  -130     9   205   711
    20   164   465   236   -32    74     6  -121     5   194   669
    10   239   406   239   -15    70     3   -92     3   170 -9999
$

   GPS LAT  GPS LONG   ROLL  PITCH AZIMUT   T IN  PmBARS  T OUT    RH%
   37.1966  -80.5781    0.0    0.1  324.8   43.4   949.6   30.4   39.8                    

   BL# MONTH   DAY  YEAR  HOUR   MIN  VAL1  VAL2  VAL3  VAL4
   573     6     4  2018    16    30   174   448   287     0

  SPU1  SPU2  SPU3  SPU4 NOIS1 NOIS2 NOIS3 NOIS4 FEMAX SOFTW
     1     0     0     0  6604  5903  5701    29 -9999  9063

  FE11  FE12  FE21  FE22  SNR1  SNR2  SNR3  SNR4 CHECK   JAM
 -9999 -9999 -9999 -9999   102    97    97     0    64 10100

   ALT    CT SPEED   DIR     W    SW    SU    SV  U'V'  U'W'  ETAM

   200 -9999 -9999 -9999 -9999 -9999 -9999 -9999 -9999 -9999 -9999
   190 -9999 -9999 -9999 -9999 -9999 -9999 -9999 -9999 -9999 -9999
   180 -9999 -9999 -9999 -9999 -9999 -9999 -9999 -9999 -9999 -9999
   170 -9999 -9999 -9999 -9999 -9999 -9999 -9999 -9999 -9999 -9999
   160 -9999 -9999 -9999 -9999 -9999 -9999 -9999 -9999 -9999 -9999
   150   680   578   221    21    82     1 -9999     7   222   429
   140   149   558   221    24    78     2 -9999     5   218   423
   130   108   551   223    19    85     3  -201     8   196   431
   120   129   552   225    20    82     3  -192     5   185   397
   110   123   567   228    28    65     0  -184     7   185   233
   100   151   589   228    -1    65     1  -175     2   195   343
    90   178   593   229   -14    60     1  -166     3   215   301
    80   225   600   232   -14    53     9  -184     4   218   474
    70   396   663   224   -17    56     6  -149     6   234  2947
    60   415   610   225   -18    60    10  -218    13   234  2021
    50   385   615   223   -21    65    13  -191    14   213   657
    40   385   624   223   -29    73    12  -209    16   210  1006
    30   254   625   225   -29    72     4  -208    11   216 14359
    20   190   598   230   -28    72     5  -188    10   235 23180
    10   243   464   236   -26    74     0  -113     2   190 -9999
$

   GPS LAT  GPS LONG   ROLL  PITCH AZIMUT   T IN  PmBARS  T OUT    RH%
   37.1966  -80.5781    0.0    0.1  324.8   43.5   949.6   29.4   39.3                    

   BL# MONTH   DAY  YEAR  HOUR   MIN  VAL1  VAL2  VAL3  VAL4
   573     6     4  2018    16    35   210   597   350     0

  SPU1  SPU2  SPU3  SPU4 NOIS1 NOIS2 NOIS3 NOIS4 FEMAX SOFTW
     2     1     1     0  6303  5403  5301    29   248  9063

  FE11  FE12  FE21  FE22  SNR1  SNR2  SNR3  SNR4 CHECK   JAM
     8     8     8     9    91    97    97     0    60 10100

   ALT    CT SPEED   DIR     W    SW    SU    SV  U'V'  U'W'  ETAM

   200 -9999 -9999 -9999 -9999 -9999 -9999 -9999 -9999 -9999 -9999
   190 -9999 -9999 -9999 -9999 -9999 -9999 -9999 -9999 -9999 -9999
   180   884   563   242    25    82     0 -9999     4   261   176
   170   930   560   240    28    79     2 -9999     1   242   167
   160   976   544   237    25    82     2 -9999     3   224   176
   150   843   520   233    23    87     1  -112     4   244   169
   140   204   505   230    34    92     0  -122     4   238   138
   130   124   519   229    16    84     1  -132     1   218   199
   120   143   549   229     5    73     0  -142     6   191   196
   110   143   572   228    10    62     1  -152     5   192    81
   100   177   589   227    -9    61     1  -162     3   206   352
    90   204   596   227   -20    59     2  -173     4   215   339
    80   241   605   227   -24    57     7  -183     7   217   104
    70   400   646   224   -30    57     3  -179    18   219    42
    60   413   636   224   -34    56     8  -211    22   227  1763
    50   375   639   223   -36    58     4  -206    21   221  3005
    40   367   646   222   -34    66     3  -215    20   215   870
    30   242   655   222   -29    64     5  -217    13   222   285
    20   180   655   222   -24    63     3  -223    10   221    91
    10   230   637   222   -19    65     3  -215     7   214 -9999
$

   GPS LAT  GPS LONG   ROLL  PITCH AZIMUT   T IN  PmBARS  T OUT    RH%
   37.1966  -80.5781    0.0    0.1  324.8   43.5   949.5   28.9   42.1                    

   BL# MONTH   DAY  YEAR  HOUR   MIN  VAL1  VAL2  VAL3  VAL4
   573     6     4  2018    16    40   136   548   325     0

  SPU1  SPU2  SPU3  SPU4 NOIS1 NOIS2 NOIS3 NOIS4 FEMAX SOFTW
     2     1     1     0  5602  6309  5701    29   248  9063

  FE11  FE12  FE21  FE22  SNR1  SNR2  SNR3  SNR4 CHECK   JAM
     8     8     8     9    91    94    95     0    64 10100

   ALT    CT SPEED   DIR     W    SW    SU    SV  U'V'  U'W'  ETAM

   200 -9999 -9999 -9999 -9999 -9999 -9999 -9999 -9999 -9999 -9999
   190 -9999 -9999 -9999 -9999 -9999 -9999 -9999 -9999 -9999 -9999
   180   779   547   238   -16    57     1 -9999     1 -9999    97
   170   752   541   236   -16    60     1 -9999     2 -9999   103
   160   724   534   234   -16    63     2 -9999     3   239   109
   150   718   530   231   -16    66     0  -124     1   229   116
   140   773   528   229   -17    70     2  -133     0   219   121
   130   395   531   227   -17    73     2  -143     4   209   111
   120   124   566   228   -18    72     0  -152     0   200   113
   110   130   601   229   -19    66     0  -161     1   190   135
   100   148   629   229   -39    60     0  -171     0   209    89
    90   163   637   229   -54    60     0  -180     3   229    58
    80   175   629   229   -64    64     2  -190     4   239    51
    70   182   638   227   -72    62     3  -184    10   235    96
    60   172   646   229   -73    59     1  -194     4   233   106
    50   157   638   229   -70    58     4  -190     8   243   137
    40   147   649   227   -64    57     0  -188    14   237   272
    30   123   649   225   -44    64     1  -207     9   237   272
    20   141   623   224   -33    63     1  -202     6   220   259
    10   216   605   224   -37    49     0  -196     2   211 -9999
$

   GPS LAT  GPS LONG   ROLL  PITCH AZIMUT   T IN  PmBARS  T OUT    RH%
   37.1966  -80.5781    0.0    0.1  324.8   43.5   949.7   28.7   43.0                    

   BL# MONTH   DAY  YEAR  HOUR   MIN  VAL1  VAL2  VAL3  VAL4
   573     6     4  2018    16    45   110   344   208     0

  SPU1  SPU2  SPU3  SPU4 NOIS1 NOIS2 NOIS3 NOIS4 FEMAX SOFTW
     2     1     1     0  5402  6004  5600    29   248  9063

  FE11  FE12  FE21  FE22  SNR1  SNR2  SNR3  SNR4 CHECK   JAM
     8     8     8     9    92    92    95     0    60 10100

   ALT    CT SPEED   DIR     W    SW    SU    SV  U'V'  U'W'  ETAM

   200 -9999 -9999 -9999 -9999 -9999 -9999 -9999 -9999 -9999 -9999
   190 -9999 -9999 -9999 -9999 -9999 -9999 -9999 -9999 -9999 -9999
   180   445   640   233   -23    77     0 -9999     3   290 -9999
   170   430   622   232   -22    73     1 -9999     0   277 -9999
   160   414   648   233   -21    70     1 -9999     1   265   186
   150   411   640   232   -21    66     2  -170     3   252   181
   140   442   614   230   -20    63     2  -171     1   239   169
   130   472   624   231   -21    59     1  -172     3   265   159
   120   371   603   229   -21    56     1  -174     2   233   153
   110    80   652   232   -19    53     1  -175     2   242   150
   100    79   651   232   -24    49     2  -176     4   224   162
    90    80   637   231   -39    55     0  -177     2   265   159
    80    83   628   230   -60    68     2  -179     2   248   152
    70   113   615   229   -74    76     0  -180     4   242   206
    60   132   627   228   -75    81     4  -180     5   229   259
    50   137   619   228   -69    82     3  -191     3   232   622
    40   120   615   228   -60    72     4  -181     5   229  1896
    30    95   587   229   -48    78     6  -187     1   227  2143
    20    76   525   233   -41    75     5  -142     3   211  2188
    10    66   492   234   -43    57     2  -128     1   196 -9999
$

   GPS LAT  GPS LONG   ROLL  PITCH AZIMUT   T IN  PmBARS  T OUT    RH%
   37.1966  -80.5781    0.0    0.1  324.8   43.5   949.7   28.8   43.5                    

   BL# MONTH   DAY  YEAR  HOUR   MIN  VAL1  VAL2  VAL3  VAL4
   573     6     4  2018    16    50    73   184   225     0

  SPU1  SPU2  SPU3  SPU4 NOIS1 NOIS2 NOIS3 NOIS4 FEMAX SOFTW
     2     1     0     0  5403  5304  5600    29   248  9063

  FE11  FE12  FE21  FE22  SNR1  SNR2  SNR3  SNR4 CHECK   JAM
     8     8     8     9   102    93    95     0    60 10100

   ALT    CT SPEED   DIR     W    SW    SU    SV  U'V'  U'W'  ETAM

   200 -9999 -9999 -9999 -9999 -9999 -9999 -9999 -9999 -9999 -9999
   190 -9999 -9999 -9999 -9999 -9999 -9999 -9999 -9999 -9999 -9999
   180 -9999 -9999 -9999 -9999 -9999 -9999 -9999 -9999 -9999 -9999
   170 -9999 -9999 -9999 -9999 -9999 -9999 -9999 -9999 -9999 -9999
   160 -9999 -9999 -9999 -9999 -9999 -9999 -9999 -9999 -9999 -9999
   150   502   580   240   -19    86     3 -9999     0   227 -9999
   140   533   601   238   -18    85     2 -9999     2   234 -9999
   130   564   615   237   -18    84     1  -122     1   242 -9999
   120   436   631   236   -18    83     1  -133     0   249 -9999
   110    77   644   235   -19    82     1  -144     1   254 -9999
   100    86   688   235   -17    81     0  -155     0   258 -9999
    90    93   700   234   -23    81     2  -167     0   260 -9999
    80    98   671   232   -37    83     2  -178     2   292 -9999
    70   117   660   235   -55    83     3  -189     6   260 -9999
    60   138   643   235   -57    87     1  -167     5   268 -9999
    50   156   623   234   -51    91     3  -159     6   262 -9999
    40   160   578   233   -40    92     2  -160     4   246 -9999
    30   138   516   231   -14    84     0  -147     6   214 -9999
    20   106   450   226    -2    79     1  -135     2   172 -9999
    10    69   419   213   -14    77     1  -161     1   118 -9999
$

   GPS LAT  GPS LONG   ROLL  PITCH AZIMUT   T IN  PmBARS  T OUT    RH%
   37.1966  -80.5781    0.0    0.1  324.9   43.7   949.6   29.3   40.2                    

   BL# MONTH   DAY  YEAR  HOUR   MIN  VAL1  VAL2  VAL3  VAL4
   573     6     4  2018    16    55    84   160   293     0

  SPU1  SPU2  SPU3  SPU4 NOIS1 NOIS2 NOIS3 NOIS4 FEMAX SOFTW
     2     1     0     0  5607  5204  5500    29   248  9063

  FE11  FE12  FE21  FE22  SNR1  SNR2  SNR3  SNR4 CHECK   JAM
     8     8     8     9   102    94    95     0    58 10100

   ALT    CT SPEED   DIR     W    SW    SU    SV  U'V'  U'W'  ETAM

   200 -9999 -9999 -9999 -9999 -9999 -9999 -9999 -9999 -9999 -9999
   190 -9999 -9999 -9999 -9999 -9999 -9999 -9999 -9999 -9999 -9999
   180 -9999 -9999 -9999 -9999 -9999 -9999 -9999 -9999 -9999 -9999
   170 -9999 -9999 -9999 -9999 -9999 -9999 -9999 -9999 -9999 -9999
   160 -9999 -9999 -9999 -9999 -9999 -9999 -9999 -9999 -9999 -9999
   150 -9999 -9999 -9999 -9999 -9999 -9999 -9999 -9999 -9999 -9999
   140 -9999 -9999 -9999 -9999 -9999 -9999 -9999 -9999 -9999 -9999
   130  1748   921   218    17   102     1 -9999     3   339 -9999
   120  1247   876   217    16    97     1 -9999     2   315  6471
   110   330   830   216    15    92     1  -334     1   291  6471
   100   243   782   215    14    87     2  -318     1   267  6471
    90   203   732   214     4    79     1  -302     4   243  6471
    80   188   689   213   -13    70     3  -285     2   219  6471
    70   165   670   214   -27    62     5  -269     3   190  6471
    60   164   670   218   -36    67     3  -253     9   191  6471
    50   168   682   223   -46    77     6  -237    10   214  6471
    40   160   653   225   -64    88     6  -220     6   244  6471
    30   124   574   224   -70    90     2  -199     7   221 -9999
    20    90   474   223   -75    95     6  -162     3   160 -9999
    10    63   454   228   -79   108     2  -136     3   168 -9999
$

   GPS LAT  GPS LONG   ROLL  PITCH AZIMUT   T IN  PmBARS  T OUT    RH%
   37.1966  -80.5781    0.1    0.1  324.8   43.9   949.6   29.0   40.0                    

   BL# MONTH   DAY  YEAR  HOUR   MIN  VAL1  VAL2  VAL3  VAL4
   573     6     4  2018    17     0   140   333   303     0

  SPU1  SPU2  SPU3  SPU4 NOIS1 NOIS2 NOIS3 NOIS4 FEMAX SOFTW
     2     1     0     0  5403  5103  5400    29   248  9063

  FE11  FE12  FE21  FE22  SNR1  SNR2  SNR3  SNR4 CHECK   JAM
     8     8     8     9   103    94    95     0    57 10100

   ALT    CT SPEED   DIR     W    SW    SU    SV  U'V'  U'W'  ETAM

   200 -9999 -9999 -9999 -9999 -9999 -9999 -9999 -9999 -9999 -9999
   190 -9999 -9999 -9999 -9999 -9999 -9999 -9999 -9999 -9999 -9999
   180 -9999 -9999 -9999 -9999 -9999 -9999 -9999 -9999 -9999 -9999
   170 -9999 -9999 -9999 -9999 -9999 -9999 -9999 -9999 -9999 -9999
   160 -9999 -9999 -9999 -9999 -9999 -9999 -9999 -9999 -9999 -9999
   150 -9999 -9999 -9999 -9999 -9999 -9999 -9999 -9999 -9999 -9999
   140 -9999 -9999 -9999 -9999 -9999 -9999 -9999 -9999 -9999 -9999
   130    78   625   215    -2   106     1 -9999     1   209   964
   120   134   670   220    17   103     0 -9999     4   205  1043
   110   276   706   224    28    92     0  -236     3   175  1150
   100   221   723   226    22    76     1  -232     3   221  1041
    90   196   710   226     2    60     5  -228     1   253  1134
    80   194   668   223   -24    45     1  -224     4   267  1296
    70   164   637   222   -22    46     2  -220     6   235   741
    60   165   630   222   -30    56     1  -216     8   212  1328
    50   175   619   222   -43    70     6  -212    19   211  3665
    40   178   603   224   -58    87     7  -208    11   206 10077
    30   146   557   226   -62    96     2  -187     7   212  6331
    20   108   475   228   -67   103     6  -147     4   180  3221
    10    69   421   231   -76   107     5  -117     2   163 -9999
$

   GPS LAT  GPS LONG   ROLL  PITCH AZIMUT   T IN  PmBARS  T OUT    RH%
   37.1966  -80.5781    0.1    0.1  324.8   43.9   949.7   28.8   41.4                    

   BL# MONTH   DAY  YEAR  HOUR   MIN  VAL1  VAL2  VAL3  VAL4
   573     6     4  2018    17     5   215   293   270     0

  SPU1  SPU2  SPU3  SPU4 NOIS1 NOIS2 NOIS3 NOIS4 FEMAX SOFTW
     1     0     0     0  5705  5303  5300    29   248  9063

  FE11  FE12  FE21  FE22  SNR1  SNR2  SNR3  SNR4 CHECK   JAM
     9     8     8     9    94    94    96     0    57 10100

   ALT    CT SPEED   DIR     W    SW    SU    SV  U'V'  U'W'  ETAM

   200   910   589   226   -16   172     0 -9999     1 -9999 -9999
   190   875   605   225   -16   167     0  -157     1   208 -9999
   180   840   621   224   -16   162     0  -169     1   210  6248
   170   805   637   222   -15   157     0  -180     3   211  5930
   160   770   653   221   -16   151     0  -192     0   213  5638
   150   736   670   220   -17   146     0  -203     2   215  5336
   140   701   681   219   -12   140     1  -215     3   217  4945
   130   333   682   217   -20   134     2  -227     1   218  5412
   120    82   701   213   -18   128     4  -238     6   220  5299
   110    93   744   213     0   122     3  -248     4   208  4266
   100   107   719   218     0   105     2  -272     5   195  6694
    90   136   701   221   -12    78     0  -291     2   213  4935
    80   173   690   219   -30    48     2  -234     3   234   422
    70   170   619   218   -31    48     6  -251     6   226   231
    60   162   603   221   -34    64     3  -221     5   193   184
    50   160   601   221   -38    79    10  -206     5   199  3211
    40   182   593   222   -46    78     7  -206     5   199 15322
    30   148   542   224   -47    82     4  -190     8   204  8059
    20   106   455   224   -55    79     8  -148     2   162  2068
    10    64   423   223   -76    62     3  -141     2   144 -9999
$

   GPS LAT  GPS LONG   ROLL  PITCH AZIMUT   T IN  PmBARS  T OUT    RH%
   37.1966  -80.5781    0.0    0.1  324.9   44.0   949.7   28.6   40.6                    

   BL# MONTH   DAY  YEAR  HOUR   MIN  VAL1  VAL2  VAL3  VAL4
   573     6     4  2018    17    10   269   256   193     0

  SPU1  SPU2  SPU3  SPU4 NOIS1 NOIS2 NOIS3 NOIS4 FEMAX SOFTW
     1     0     0     0  5505  5104  5400    29   248  9063

  FE11  FE12  FE21  FE22  SNR1  SNR2  SNR3  SNR4 CHECK   JAM
     9     8     8     9    95    94    96     0    56 10100

   ALT    CT SPEED   DIR     W    SW    SU    SV  U'V'  U'W'  ETAM

   200 -9999 -9999 -9999 -9999 -9999 -9999 -9999 -9999 -9999 -9999
   190 -9999 -9999 -9999 -9999 -9999 -9999 -9999 -9999 -9999 -9999
   180   743   488   218   -23   154     0 -9999     0 -9999  4563
   170   716   498   215   -24   150     0 -9999     2   168  4323
   160   689   513   213   -26   145     0 -9999     3   161  4592
   150   662   531   210   -28   140     3  -170     0   153  4733
   140   635   549   207   -30   135     3  -188     2   146  3776
   130   291   572   205   -31   131     3  -205     2   138  5176
   120    57   610   206   -31   126     4  -223     2   131  4881
   110    73   663   208   -29   121     2  -240     2   124  1795
   100    92   657   213   -34   116     4  -257     1   138  8582
    90   107   650   217   -43   103     0  -275     3   172  7371
    80   118   652   220   -52    84     3  -240     6   192   536
    70   113   631   221   -50    77     6  -230     5   213   310
    60   117   624   221   -49    71     9  -215     7   210   154
    50   127   630   222   -47    68    11  -214     8   206  1949
    40   143   630   224   -36    74     9  -211     6   215  9425
    30   121   575   227   -24    80     9  -196    13   227  4243
    20    91   469   229   -24    79     5  -137     1   176    90
    10    59   472   227   -44    66     5  -146     3   171 -9999
$

   GPS LAT  GPS LONG   ROLL  PITCH AZIMUT   T IN  PmBARS  T OUT    RH%
   37.1966  -80.5780    0.0    0.1  324.8   43.8   949.7   28.3   42.4                    

   BL# MONTH   DAY  YEAR  HOUR   MIN  VAL1  VAL2  VAL3  VAL4
   573     6     4  2018    17    15   335   200   221     0

  SPU1  SPU2  SPU3  SPU4 NOIS1 NOIS2 NOIS3 NOIS4 FEMAX SOFTW
     1     0     0     0  5504  5104  5600    29   248  9063

  FE11  FE12  FE21  FE22  SNR1  SNR2  SNR3  SNR4 CHECK   JAM
     9     8     8     9    96    94    96     0    56 10100

   ALT    CT SPEED   DIR     W    SW    SU    SV  U'V'  U'W'  ETAM

   200 -9999 -9999 -9999 -9999 -9999 -9999 -9999 -9999 -9999 -9999
   190 -9999 -9999 -9999 -9999 -9999 -9999 -9999 -9999 -9999 -9999
   180   879   584   223   -10   146     1  -168     3 -9999  1070
   170   919   607   222   -10   139     1  -160     2 -9999  1026
   160   959   631   220   -10   133     0  -176     2 -9999   984
   150   971   622   221    -9   127     1  -193     1   200   938
   140   891   619   222    -9   120     1  -209     5   203   883
   130  1006   689   217    -9   114     1  -226     5   206   942
   120   825   701   217    -9   107     5  -193     3   208   931
   110   113   703   217    -9   101     1  -253     1   211   778
   100   244   661   221    -8    94     2  -260     1   214  1104
    90   283   624   224    -6    86     1  -256     2   217   893
    80   224   607   223    -6    77     4  -205     6   219   263
    70   204   582   222   -12    77     5  -203     3   211    94
    60   161   592   219   -18    75     9  -194    11   194   853
    50   125   591   220   -21    74     7  -212     6   186  2026
    40   132   618   223   -17    81     9  -204     3   194  3340
    30   123   623   225     2    81     7  -207     8   228  3697
    20   108   571   226    11    81    12  -187     3   207  3808
    10    88   517   228     3    82     2  -155     1   191 -9999
$

   GPS LAT  GPS LONG   ROLL  PITCH AZIMUT   T IN  PmBARS  T OUT    RH%
   37.1966  -80.5780    0.1    0.1  324.8   43.8   949.5   28.2   41.2                    

   BL# MONTH   DAY  YEAR  HOUR   MIN  VAL1  VAL2  VAL3  VAL4
   573     6     4  2018    17    20   285   252   278     0

  SPU1  SPU2  SPU3  SPU4 NOIS1 NOIS2 NOIS3 NOIS4 FEMAX SOFTW
     1     1     0     0  5706  5702  5400    29   248  9063

  FE11  FE12  FE21  FE22  SNR1  SNR2  SNR3  SNR4 CHECK   JAM
     9     8     8     9    96    95    96     0    55 10100

   ALT    CT SPEED   DIR     W    SW    SU    SV  U'V'  U'W'  ETAM

   200  1034   438   221    37    66     2 -9999     1   107 -9999
   190   998   444   223    35    64     1 -9999     1   119   663
   180   962   451   226    34    63     1 -9999     0   130   627
   170   925   422   224    32    67     0  -153     0   141   596
   160   889   416   224    31    71     2  -147     2   152   568
   150   853   403   225    29    76     2  -142     1   164   564
   140   817   403   226    28    80     2  -137     5   141   628
   130   403   453   233    30    74     1  -132     4   147   536
   120   105   462   234    29    75     2  -126     3   132   540
   110   125   508   229    23    91     3  -121     2   178   715
   100   263   577   230    16    88     5  -116     4   186   261
    90   304   594   227    12    83     4  -161     2   191   763
    80   262   567   221     9    78     1  -171     3   238  1891
    70   245   572   225     3    70     7  -196     3   184  1562
    60   205   580   225    -2    71    12  -182     7   200   911
    50   169   618   227    -3    75    10  -186     8   205   395
    40   174   648   227     6    73     6  -192     9   234   586
    30   152   646   226    18    75     7  -208     8   238  4816
    20   128   590   224    24    78     8  -195     4   226  7653
    10   107   453   215    21    81     5  -170     2   133 -9999
$

   GPS LAT  GPS LONG   ROLL  PITCH AZIMUT   T IN  PmBARS  T OUT    RH%
   37.1966  -80.5780    0.0    0.1  324.8   43.7   949.6   28.3   39.4                    

   BL# MONTH   DAY  YEAR  HOUR   MIN  VAL1  VAL2  VAL3  VAL4
   573     6     4  2018    17    25   417   329   314     0

  SPU1  SPU2  SPU3  SPU4 NOIS1 NOIS2 NOIS3 NOIS4 FEMAX SOFTW
     1     1     0     0  5504  5802  5400    29   248  9063

  FE11  FE12  FE21  FE22  SNR1  SNR2  SNR3  SNR4 CHECK   JAM
     9     8     8     9    95    95    96     0    57 10100

   ALT    CT SPEED   DIR     W    SW    SU    SV  U'V'  U'W'  ETAM

   200 -9999 -9999 -9999 -9999 -9999 -9999 -9999 -9999 -9999 -9999
   190 -9999 -9999 -9999 -9999 -9999 -9999 -9999 -9999 -9999 -9999
   180   702   814   241    20    70     2 -9999     3 -9999  2282
   170   740   793   242    21    68     2 -9999     1 -9999  2194
   160   779   784   240    22    65     6 -9999     1   360  2099
   150   818   780   238    22    64     5  -166     6   350  2062
   140   857   779   235    20    69     3  -158     7   339  2238
   130   436   778   233    23    61     3  -175     4   328  1955
   120   125   780   230    22    63     3  -192     5   318  1977
   110   151   785   228    16    83     4  -208     3   307  2612
   100   252   707   226    18    80     2  -225     4   297  1308
    90   278   636   223    18    74     2  -242     3   286   451
    80   241   612   221    16    68     5  -208     5   227   116
    70   228   584   224     7    62     9  -217    12   199   272
    60   233   577   225    14    69    16  -186    12   203   397
    50   240   610   226    23    75    16  -184    12   201   682
    40   234   621   228    26    68    10  -192    12   229  1494
    30   186   600   229    24    69     9  -181     6   231  1275
    20   136   561   228    20    72     9  -168     4   214  1044
    10    93   522   225    16    77     6  -165     4   186 -9999
$

   GPS LAT  GPS LONG   ROLL  PITCH AZIMUT   T IN  PmBARS  T OUT    RH%
   37.1966  -80.5780    0.0    0.1  324.8   43.8   949.6   28.4   41.1                    

   BL# MONTH   DAY  YEAR  HOUR   MIN  VAL1  VAL2  VAL3  VAL4
   573     6     4  2018    17    30   386   356   296     0

  SPU1  SPU2  SPU3  SPU4 NOIS1 NOIS2 NOIS3 NOIS4 FEMAX SOFTW
     1     1     0     0  5405  5401  5501    29   248  9063

  FE11  FE12  FE21  FE22  SNR1  SNR2  SNR3  SNR4 CHECK   JAM
     9     8     8     9    95    95    96     0    57 10100

   ALT    CT SPEED   DIR     W    SW    SU    SV  U'V'  U'W'  ETAM

   200 -9999 -9999 -9999 -9999 -9999 -9999 -9999 -9999 -9999 -9999
   190   951   533   232   -18   113     2  -142     1 -9999  8964
   180   902   561   233   -19   110     2  -144     3 -9999  8516
   170   854   589   234   -17   107     0  -146     4 -9999  8000
   160   805   589   241   -19   103     4  -147     4   202  8540
   150   653   626   241   -20   102     3  -149     4   221  8892
   140   168   690   236   -12   109     2  -152     4   240  6916
   130    77   731   235   -24   116     3  -107     3   259  9817
   120    87   815   230   -22   115     0  -165     4   277  9405
   110   114   784   227     9   100     5  -178     3   296  2524
   100   119   719   223    11    88     2  -244     4   315 16706
    90   131   677   221     4    83     2  -242     5   277 16181
    80   149   655   222    -9    82     3  -233     8   226  3745
    70   175   585   224   -17    77     2  -230     6   224  1308
    60   232   599   225   -17    75     7  -189     8   199   477
    50   280   575   223   -14    75     7  -189     9   214   452
    40   267   561   223   -11    75     7  -190    13   190   701
    30   210   538   224    -1    68     4  -183    14   194   301
    20   159   492   224    -1    70     4  -158     7   174    40
    10   127   484   223   -14    86     1  -160     0   166 -9999
$

   GPS LAT  GPS LONG   ROLL  PITCH AZIMUT   T IN  PmBARS  T OUT    RH%
   37.1966  -80.5780    0.0    0.0  324.8   43.8   949.6   28.3   40.2                    

   BL# MONTH   DAY  YEAR  HOUR   MIN  VAL1  VAL2  VAL3  VAL4
   573     6     4  2018    17    35   112   270   155     0

  SPU1  SPU2  SPU3  SPU4 NOIS1 NOIS2 NOIS3 NOIS4 FEMAX SOFTW
     1     1     0     0  5404  5204  6000    29   248  9063

  FE11  FE12  FE21  FE22  SNR1  SNR2  SNR3  SNR4 CHECK   JAM
     9     8     8     8    96    95    96     0    60 10100

   ALT    CT SPEED   DIR     W    SW    SU    SV  U'V'  U'W'  ETAM

   200 -9999 -9999 -9999 -9999 -9999 -9999 -9999 -9999 -9999 -9999
   190 -9999 -9999 -9999 -9999 -9999 -9999 -9999 -9999 -9999 -9999
   180 -9999 -9999 -9999 -9999 -9999 -9999 -9999 -9999 -9999 -9999
   170 -9999 -9999 -9999 -9999 -9999 -9999 -9999 -9999 -9999 -9999
   160   527   795   204   -47   122     3 -9999     2 -9999  2096
   150   509   773   207   -47   116     2 -9999     2 -9999  2092
   140   492   750   210   -51   109     3  -351     4   166  2091
   130   239   730   213   -54   103     4  -328     4   179  2087
   120    56   713   217   -54   103     1  -305     1   192  2074
   110    67   697   220   -48   113     1  -282     2   204  2042
   100    67   683   224   -59    92     4  -259     2   217  1601
    90    77   709   224   -66    77     1  -236     1   230  1127
    80    94   743   223   -67    70     4  -212     2   242   704
    70   105   677   227   -57    65     1  -259     2   255   771
    60   133   660   224   -49    54     4  -204     8   250   618
    50   158   620   219   -42    46     6  -214     3   229   382
    40   155   557   220   -36    50     6  -223     7   183   141
    30   134   503   223   -34    39     4  -169     3   177    51
    20   122   478   223   -37    38     3  -160     2   163    13
    10   126   462   224   -43    56     3  -151     2   160 -9999
$

   GPS LAT  GPS LONG   ROLL  PITCH AZIMUT   T IN  PmBARS  T OUT    RH%
   37.1966  -80.5780    0.1    0.1  324.8   43.8   949.6   28.4   42.6                    

   BL# MONTH   DAY  YEAR  HOUR   MIN  VAL1  VAL2  VAL3  VAL4
   573     6     4  2018    17    40   158   266   182     0

  SPU1  SPU2  SPU3  SPU4 NOIS1 NOIS2 NOIS3 NOIS4 FEMAX SOFTW
     1     1     0     0  5402  5203  5500    29   248  9063

  FE11  FE12  FE21  FE22  SNR1  SNR2  SNR3  SNR4 CHECK   JAM
     9     8     8     8    95    96    96     0    56 10100

   ALT    CT SPEED   DIR     W    SW    SU    SV  U'V'  U'W'  ETAM

   200 -9999 -9999 -9999 -9999 -9999 -9999 -9999 -9999 -9999 -9999
   190 -9999 -9999 -9999 -9999 -9999 -9999 -9999 -9999 -9999 -9999
   180 -9999 -9999 -9999 -9999 -9999 -9999 -9999 -9999 -9999 -9999
   170 -9999 -9999 -9999 -9999 -9999 -9999 -9999 -9999 -9999 -9999
   160 -9999 -9999 -9999 -9999 -9999 -9999 -9999 -9999 -9999 -9999
   150 -9999 -9999 -9999 -9999 -9999 -9999 -9999 -9999 -9999 -9999
   140 -9999 -9999 -9999 -9999 -9999 -9999 -9999 -9999 -9999 -9999
   130 -9999 -9999 -9999 -9999 -9999 -9999 -9999 -9999 -9999 -9999
   120 -9999 -9999 -9999 -9999 -9999 -9999 -9999 -9999 -9999 -9999
   110 -9999 -9999 -9999 -9999 -9999 -9999 -9999 -9999 -9999 -9999
   100 -9999 -9999 -9999 -9999 -9999 -9999 -9999 -9999 -9999 -9999
    90    93   539   245   -35    90     2 -9999     3   263   156
    80   110   492   242   -38    82     7   -94     3   256   156
    70   120   509   242   -34    75     5   -99    10   210   156
    60   116   491   239   -31    61     7  -104    10   221   156
    50   107   455   236   -27    50    10  -109     9   205   156
    40   101   451   234   -17    54    10  -114    13   177   156
    30    80   461   234   -11    46     6  -120     7   182   156
    20    62   465   232    -6    41     7  -125     7   188   156
    10    54   431   228    -3    41     6  -130     4   159 -9999
$

   GPS LAT  GPS LONG   ROLL  PITCH AZIMUT   T IN  PmBARS  T OUT    RH%
   37.1966  -80.5780    0.1    0.1  324.8   44.0   949.7   28.7   42.5                    

   BL# MONTH   DAY  YEAR  HOUR   MIN  VAL1  VAL2  VAL3  VAL4
   573     6     4  2018    17    45   289   343   191     0

  SPU1  SPU2  SPU3  SPU4 NOIS1 NOIS2 NOIS3 NOIS4 FEMAX SOFTW
     1     1     0     0  5304  5903  5601    29   248  9063

  FE11  FE12  FE21  FE22  SNR1  SNR2  SNR3  SNR4 CHECK   JAM
     9     8     8     8    95    95    96     0    58 10100

   ALT    CT SPEED   DIR     W    SW    SU    SV  U'V'  U'W'  ETAM

   200 -9999 -9999 -9999 -9999 -9999 -9999 -9999 -9999 -9999 -9999
   190   700   610   252     0    80     1 -9999     1   300   469
   180   676   603   251     1    84     1 -9999     1   294   489
   170   653   596   250     0    88     2 -9999     3   288   511
   160   629   523   246     0    92     3   -72     4   282   534
   150   605   461   241     1    95     1   -79     3   276   540
   140   582   467   239    -2    99     4   -86     4   271   496
   130   274   550   242     2   103     6   -93     2   208   563
   120    63   562   242     1   103     4  -101     2   181   545
   110    72   534   243   -12    95     6  -108     3   239   357
   100    81   565   240   -16    86     3  -115     6   244   111
    90    88   581   236   -22    79     5  -101     6   229   307
    80    95   554   233   -27    75     5  -140     6   247   717
    70   116   551   232   -16    76    14  -146     9   221   232
    60   117   519   233   -10    71     9  -151    12   216   145
    50   110   502   233    -5    64    11  -137    10   204   204
    40   103   486   230     2    64     5  -134    12   194   272
    30    79   459   225    10    58     6  -143     7   177   458
    20    63   416   219     8    51     2  -157     5   132   577
    10    63   357   226    -7    46     5  -111     0   129 -9999
$

   GPS LAT  GPS LONG   ROLL  PITCH AZIMUT   T IN  PmBARS  T OUT    RH%
   37.1966  -80.5780    0.1    0.1  324.9   44.2   949.7   28.6   39.4                    

   BL# MONTH   DAY  YEAR  HOUR   MIN  VAL1  VAL2  VAL3  VAL4
   573     6     4  2018    17    50   157   346   185     0

  SPU1  SPU2  SPU3  SPU4 NOIS1 NOIS2 NOIS3 NOIS4 FEMAX SOFTW
     1     1     1     0  6002  5803  5201    29   248  9063

  FE11  FE12  FE21  FE22  SNR1  SNR2  SNR3  SNR4 CHECK   JAM
     9     8     8     8    93    95    96     0    64 10100

   ALT    CT SPEED   DIR     W    SW    SU    SV  U'V'  U'W'  ETAM

   200 -9999   314   281 -9999 -9999     0 -9999     0 -9999 -9999
   190   672   302   282   -11    92     1 -9999     2 -9999 -9999
   180   652   290   281   -10    89     1    39     0   155    85
   170   633   280   281   -10    85     2    37     2   148    88
   160   613   294   281   -10    81     2    36     0   141    91
   150   594   279   281   -10    78     1    34     1   134    93
   140   575   277   281    -9    74     4    32     1   126    91
   130   555   369   279   -12    70     0    36     4   141    87
   120   410   414   269   -11    71     1    29     3   112    93
   110    82   443   261    -5    77     1    43     0   169   115
   100    84   492   245   -18    64     1     7     0   201    96
    90    86   534   237   -29    58     6   -29     3   215   116
    80    86   532   237   -36    59     3  -128     3   222   152
    70   103   544   235   -30    69     4  -124     8   221    87
    60   113   523   235   -24    76     4  -139     7   221   504
    50   113   518   233   -17    82     6  -132    10   210  1097
    40    96   489   230    -8    84     6  -139     8   203  1718
    30    65   442   226     1    88     4  -138     9   173   782
    20    46   397   224    -1    89     2  -135     2   131    97
    10    48   398   233   -17    86     2  -106     1   157 -9999
$

   GPS LAT  GPS LONG   ROLL  PITCH AZIMUT   T IN  PmBARS  T OUT    RH%
   37.1966  -80.5780    0.1    0.1  324.8   44.3   949.8   28.8   40.4                    

   BL# MONTH   DAY  YEAR  HOUR   MIN  VAL1  VAL2  VAL3  VAL4
   573     6     4  2018    17    55   141   357   243     0

  SPU1  SPU2  SPU3  SPU4 NOIS1 NOIS2 NOIS3 NOIS4 FEMAX SOFTW
     1     1     1     0  5405  5404  4900    29   248  9063

  FE11  FE12  FE21  FE22  SNR1  SNR2  SNR3  SNR4 CHECK   JAM
     9     8     8     8    93    94    95     0    58 10100

   ALT    CT SPEED   DIR     W    SW    SU    SV  U'V'  U'W'  ETAM

   200 -9999   446   264 -9999 -9999     1    -8     1   244 -9999
   190   751   428   267   -36   127     1   -11     0   235 -9999
   180   735   417   258   -35   123     0    -5     0   225    84
   170   720   401   277   -33   120     1   -16     2   215    88
   160   704   400   248   -32   116     0     6     2   205    93
   150   689   444   234   -30   112     1   -38     3   195   100
   140   673   406   245   -29   108     2    50     3   186   103
   130   658   403   277   -27   104     3  -126     6   176   107
   120   486   420   268   -27   100     2  -111     7   176   106
   110    87   441   261   -30    96     0    43     1   186    95
   100   112   494   246   -25    93     1     7     4   201   115
    90   122   539   239   -29    89     1   -29     2   212   107
    80   116   533   240   -38    87     4  -123     3   226   115
    70   132   528   239   -34    95     4  -116     8   228   396
    60   134   521   239   -40    91     5  -119    12   223   386
    50   126   505   238   -47    86     6  -119     8   218   474
    40   108   479   237   -41    89     7  -116    11   206  1148
    30    73   439   235   -52    86     4  -110     8   190  1749
    20    46   402   231   -49    84     3  -105     7   151  2088
    10    34   456   228   -22    82     5  -137     2   169 -9999
$

   GPS LAT  GPS LONG   ROLL  PITCH AZIMUT   T IN  PmBARS  T OUT    RH%
   37.1966  -80.5780    0.1    0.1  324.8   44.5   949.7   29.0   40.2                    

   BL# MONTH   DAY  YEAR  HOUR   MIN  VAL1  VAL2  VAL3  VAL4
   573     6     4  2018    18     0   104   375   276     0

  SPU1  SPU2  SPU3  SPU4 NOIS1 NOIS2 NOIS3 NOIS4 FEMAX SOFTW
     1     1     1     0  5404  5104  5000    29   248  9063

  FE11  FE12  FE21  FE22  SNR1  SNR2  SNR3  SNR4 CHECK   JAM
     9     8     8     8    93    94    95     0    58 10100

   ALT    CT SPEED   DIR     W    SW    SU    SV  U'V'  U'W'  ETAM

   200 -9999   359   269 -9999 -9999     1     8     0   145 -9999
   190   955   381   271    -4   127     0     6     4   138 -9999
   180   917   404   265    -4   123     1    10     0   152    96
   170   880   435   277    -3   119     0     2     0   166    99
   160   843   424   274    -4   114     2    18     1   180   103
   150   806   393   273    -4   110     1   -15     2   194   107
   140   768   340   278    -3   106     1    50     1   208   112
   130   731   270   284    -4   101     2    13     0   197   106
   120   533   339   270    -4   102     2    29     2   172   109
   110   103   418   261    -1   109     2    43     2   113   123
   100   125   451   262    -9    93     1     7     2   163    93
    90   133   461   258   -19    85     0   -29     0   210   117
    80   127   468   252   -29    83     5   -15     4   219   201
    70   139   462   258   -33    86     2   -65     6   215   393
    60   124   483   248   -46    75     8   -28    10   217   402
    50   103   509   243   -58    64     3   -79     7   218   338
    40    95   515   241   -54    68     1  -110     8   222   261
    30    64   496   239   -55    67     3  -107     8   218   298
    20    46   472   235   -55    66     2  -113     8   192   330
    10    51   496   229   -55    67     2  -147     3   185 -9999
$

   GPS LAT  GPS LONG   ROLL  PITCH AZIMUT   T IN  PmBARS  T OUT    RH%
   37.1966  -80.5780    0.0    0.1  324.8   44.6   949.8   28.6   40.1                    

   BL# MONTH   DAY  YEAR  HOUR   MIN  VAL1  VAL2  VAL3  VAL4
   573     6     4  2018    18     5    57   221   154     0

  SPU1  SPU2  SPU3  SPU4 NOIS1 NOIS2 NOIS3 NOIS4 FEMAX SOFTW
     1     1     0     0  5404  5104  4900    29   161  9063

  FE11  FE12  FE21  FE22  SNR1  SNR2  SNR3  SNR4 CHECK   JAM
     8     8     8     8    94    94    95     0    56 10100

   ALT    CT SPEED   DIR     W    SW    SU    SV  U'V'  U'W'  ETAM

   200 -9999 -9999 -9999 -9999 -9999 -9999 -9999 -9999 -9999 -9999
   190 -9999 -9999 -9999 -9999 -9999 -9999 -9999 -9999 -9999 -9999
   180 -9999 -9999 -9999 -9999 -9999 -9999 -9999 -9999 -9999 -9999
   170 -9999 -9999 -9999 -9999 -9999 -9999 -9999 -9999 -9999 -9999
   160 -9999 -9999 -9999 -9999 -9999 -9999 -9999 -9999 -9999 -9999
   150   579   366   239    43   111     2 -9999     2   162   186
   140   557   353   239    45   108     1 -9999     3   158   185
   130   256   339   239    42   113     2   -85     2   154   183
   120    51   380   243    42   120     0   -81     4   150   181
   110    66   426   244    48   126     1   -77     1   137   178
   100    67   472   245    36   112     0   -73     0   166   176
    90    72   499   244    27   107     0   -81     0   194   175
    80    81   497   243    19   107     0   -89     2   220   175
    70    96   472   241    -3   101     1   -97     1   220   174
    60    90   455   252   -20    91     1  -105     5   200   175
    50    81   467   252   -32    80     0   -49     5   210   177
    40    89   491   252   -34    72     3   -56     8   218   178
    30    82   492   248   -27    63     4   -60     4   233   316
    20    78   476   237   -25    62     3  -113     2   198   409
    10    83   454   238   -32    72     5  -105     2   189 -9999
$

   GPS LAT  GPS LONG   ROLL  PITCH AZIMUT   T IN  PmBARS  T OUT    RH%
   37.1966  -80.5780    0.0    0.1  324.9   44.5   949.8   28.3   40.6                    

   BL# MONTH   DAY  YEAR  HOUR   MIN  VAL1  VAL2  VAL3  VAL4
   573     6     4  2018    18    10    67   134    85     0

  SPU1  SPU2  SPU3  SPU4 NOIS1 NOIS2 NOIS3 NOIS4 FEMAX SOFTW
     1     1     0     0  5403  5104  5000    29   161  9063

  FE11  FE12  FE21  FE22  SNR1  SNR2  SNR3  SNR4 CHECK   JAM
     8     8     8     8    94    95    95     0    57 10100

   ALT    CT SPEED   DIR     W    SW    SU    SV  U'V'  U'W'  ETAM

   200 -9999 -9999 -9999 -9999 -9999 -9999 -9999 -9999 -9999 -9999
   190 -9999 -9999 -9999 -9999 -9999 -9999 -9999 -9999 -9999 -9999
   180 -9999 -9999 -9999 -9999 -9999 -9999 -9999 -9999 -9999 -9999
   170 -9999 -9999 -9999 -9999 -9999 -9999 -9999 -9999 -9999 -9999
   160 -9999 -9999 -9999 -9999 -9999 -9999 -9999 -9999 -9999 -9999
   150 -9999 -9999 -9999 -9999 -9999 -9999 -9999 -9999 -9999 -9999
   140   550   534   232   -21    78     2 -9999     4   191   309
   130   533   559   234   -22    82     1 -9999     2   180   305
   120   517   585   236   -22    86     0  -146     2   202   301
   110   500   612   238   -20    90     0  -144     1   223   294
   100   189   637   240   -24    94     0  -143     1   242   289
    90    50   618   239   -22    98     0  -141     4   261   288
    80    63   557   236   -18   101     0  -139     0   277   288
    70    73   507   233   -31    93     2  -137     1   234   288
    60    75   504   233   -34    90     6  -135     3   197   291
    50    78   515   238   -33    85     5  -134     2   198   295
    40    89   540   240   -32    65     6  -115     6   221   277
    30    85   532   241   -30    54     2  -115     5   239   727
    20    80   481   239   -25    58     3  -109     2   206  1032
    10    75   447   238   -15    81     1  -102     1   187 -9999
$

   GPS LAT  GPS LONG   ROLL  PITCH AZIMUT   T IN  PmBARS  T OUT    RH%
   37.1966  -80.5780    0.0    0.1  324.8   44.4   949.9   28.3   39.8                    

   BL# MONTH   DAY  YEAR  HOUR   MIN  VAL1  VAL2  VAL3  VAL4
   573     6     4  2018    18    15    56   181    68     0

  SPU1  SPU2  SPU3  SPU4 NOIS1 NOIS2 NOIS3 NOIS4 FEMAX SOFTW
     1     1     0     0  5603  5404  5201    29   161  9063

  FE11  FE12  FE21  FE22  SNR1  SNR2  SNR3  SNR4 CHECK   JAM
     8     8     8     8    94    95    95     0    62 10100

   ALT    CT SPEED   DIR     W    SW    SU    SV  U'V'  U'W'  ETAM

   200 -9999 -9999 -9999 -9999 -9999 -9999 -9999 -9999 -9999 -9999
   190 -9999 -9999 -9999 -9999 -9999 -9999 -9999 -9999 -9999 -9999
   180 -9999 -9999 -9999 -9999 -9999 -9999 -9999 -9999 -9999 -9999
   170 -9999 -9999 -9999 -9999 -9999 -9999 -9999 -9999 -9999 -9999
   160 -9999 -9999 -9999 -9999 -9999 -9999 -9999 -9999 -9999 -9999
   150 -9999 -9999 -9999 -9999 -9999 -9999 -9999 -9999 -9999 -9999
   140 -9999 -9999 -9999 -9999 -9999 -9999 -9999 -9999 -9999 -9999
   130 -9999 -9999 -9999 -9999 -9999 -9999 -9999 -9999 -9999 -9999
   120 -9999 -9999 -9999 -9999 -9999 -9999 -9999 -9999 -9999 -9999
   110 -9999 -9999 -9999 -9999 -9999 -9999 -9999 -9999 -9999 -9999
   100 -9999 -9999 -9999 -9999 -9999 -9999 -9999 -9999 -9999 -9999
    90   262   557   279   -11    65     0 -9999     0   250    96
    80    36   504   282   -11    69     1    55     1   268    96
    70    56   409   287   -10    73     0    60     3   246    96
    60    63   411   288   -12    69     1    65     5   178    96
    50    65   458   287   -13    63     4    70     8   181    96
    40    69   482   287    -6    62     1    76     4   215    96
    30    63   464   289     0    59     2    81     8   219    96
    20    60   408   293     0    63     5    86     5   180    96
    10    62   363   293   -11    76     4    76     2   155 -9999
$
